trial,mean0,mean1,reward0,reward1,choice,reward,run
0,60.0,48.0,64.0,35.0,0,64.0,0
1,60.0,48.0,63.0,55.0,1,55.0,0
2,60.0,48.0,56.0,45.0,1,45.0,0
3,60.0,48.0,59.0,59.0,0,59.0,0
4,60.0,48.0,64.0,34.0,0,64.0,0
5,60.0,48.0,82.0,51.0,1,51.0,0
6,60.0,48.0,62.0,43.0,0,62.0,0
7,60.0,48.0,53.0,44.0,1,44.0,0
8,60.0,48.0,55.0,53.0,0,55.0,0
9,60.0,48.0,61.0,55.0,1,55.0,0
0,40.0,32.0,32.0,41.0,1,41.0,1
1,40.0,32.0,51.0,31.0,1,31.0,1
2,40.0,32.0,45.0,30.0,0,45.0,1
3,40.0,32.0,51.0,37.0,0,51.0,1
4,40.0,32.0,23.0,27.0,1,27.0,1
0,40.0,60.0,37.0,47.0,0,37.0,2
1,40.0,60.0,40.0,47.0,0,40.0,2
2,40.0,60.0,37.0,61.0,1,61.0,2
3,40.0,60.0,37.0,66.0,1,66.0,2
4,40.0,60.0,49.0,58.0,1,58.0,2
0,60.0,40.0,57.0,37.0,1,37.0,3
1,60.0,40.0,49.0,49.0,0,49.0,3
2,60.0,40.0,52.0,33.0,1,33.0,3
3,60.0,40.0,62.0,41.0,0,62.0,3
4,60.0,40.0,74.0,32.0,1,32.0,3
0,30.0,60.0,28.0,56.0,1,56.0,4
1,30.0,60.0,32.0,52.0,1,52.0,4
2,30.0,60.0,37.0,53.0,0,37.0,4
3,30.0,60.0,10.0,68.0,1,68.0,4
4,30.0,60.0,29.0,60.0,1,60.0,4
5,30.0,60.0,32.0,59.0,1,59.0,4
6,30.0,60.0,37.0,60.0,0,37.0,4
7,30.0,60.0,22.0,65.0,0,22.0,4
8,30.0,60.0,17.0,54.0,1,54.0,4
9,30.0,60.0,33.0,68.0,1,68.0,4
0,52.0,40.0,55.0,56.0,1,56.0,5
1,52.0,40.0,58.0,26.0,0,58.0,5
2,52.0,40.0,47.0,35.0,0,47.0,5
3,52.0,40.0,51.0,43.0,1,43.0,5
4,52.0,40.0,46.0,41.0,1,41.0,5
5,52.0,40.0,40.0,47.0,0,40.0,5
6,52.0,40.0,50.0,30.0,0,50.0,5
7,52.0,40.0,49.0,24.0,0,49.0,5
8,52.0,40.0,50.0,57.0,0,50.0,5
9,52.0,40.0,62.0,21.0,0,62.0,5
0,72.0,60.0,78.0,69.0,0,78.0,6
1,72.0,60.0,75.0,67.0,1,67.0,6
2,72.0,60.0,77.0,55.0,0,77.0,6
3,72.0,60.0,76.0,74.0,1,74.0,6
4,72.0,60.0,69.0,62.0,1,62.0,6
0,60.0,30.0,57.0,30.0,1,30.0,7
1,60.0,30.0,75.0,48.0,0,75.0,7
2,60.0,30.0,52.0,43.0,0,52.0,7
3,60.0,30.0,70.0,41.0,0,70.0,7
4,60.0,30.0,56.0,45.0,0,56.0,7
5,60.0,30.0,67.0,27.0,1,27.0,7
6,60.0,30.0,63.0,28.0,0,63.0,7
7,60.0,30.0,55.0,28.0,0,55.0,7
8,60.0,30.0,49.0,46.0,1,46.0,7
9,60.0,30.0,61.0,26.0,1,26.0,7
0,40.0,20.0,41.0,23.0,0,41.0,8
1,40.0,20.0,46.0,12.0,1,12.0,8
2,40.0,20.0,31.0,11.0,1,11.0,8
3,40.0,20.0,33.0,23.0,0,33.0,8
4,40.0,20.0,29.0,20.0,0,29.0,8
0,40.0,44.0,49.0,41.0,1,41.0,9
1,40.0,44.0,39.0,39.0,0,39.0,9
2,40.0,44.0,32.0,34.0,1,34.0,9
3,40.0,44.0,53.0,30.0,0,53.0,9
4,40.0,44.0,47.0,45.0,1,45.0,9
0,36.0,40.0,24.0,45.0,0,24.0,10
1,36.0,40.0,49.0,39.0,0,49.0,10
2,36.0,40.0,37.0,52.0,1,52.0,10
3,36.0,40.0,44.0,32.0,1,32.0,10
4,36.0,40.0,10.0,39.0,0,10.0,10
0,60.0,80.0,61.0,80.0,1,80.0,11
1,60.0,80.0,51.0,77.0,1,77.0,11
2,60.0,80.0,54.0,86.0,0,54.0,11
3,60.0,80.0,75.0,74.0,1,74.0,11
4,60.0,80.0,64.0,78.0,1,78.0,11
0,48.0,60.0,57.0,63.0,1,63.0,12
1,48.0,60.0,43.0,57.0,0,43.0,12
2,48.0,60.0,38.0,58.0,1,58.0,12
3,48.0,60.0,66.0,71.0,0,66.0,12
4,48.0,60.0,58.0,57.0,0,58.0,12
0,60.0,40.0,54.0,33.0,1,33.0,13
1,60.0,40.0,58.0,34.0,0,58.0,13
2,60.0,40.0,60.0,27.0,1,27.0,13
3,60.0,40.0,47.0,42.0,1,42.0,13
4,60.0,40.0,76.0,54.0,0,76.0,13
0,10.0,40.0,9.0,42.0,0,9.0,14
1,10.0,40.0,18.0,38.0,1,38.0,14
2,10.0,40.0,-3.0,29.0,0,-3.0,14
3,10.0,40.0,10.0,64.0,0,10.0,14
4,10.0,40.0,5.0,43.0,0,5.0,14
5,10.0,40.0,15.0,34.0,0,15.0,14
6,10.0,40.0,5.0,40.0,0,5.0,14
7,10.0,40.0,15.0,35.0,0,15.0,14
8,10.0,40.0,6.0,34.0,0,6.0,14
9,10.0,40.0,16.0,41.0,0,16.0,14
0,56.0,60.0,48.0,56.0,0,48.0,15
1,56.0,60.0,55.0,43.0,0,55.0,15
2,56.0,60.0,64.0,64.0,1,64.0,15
3,56.0,60.0,72.0,62.0,0,72.0,15
4,56.0,60.0,60.0,52.0,1,52.0,15
5,56.0,60.0,53.0,45.0,1,45.0,15
6,56.0,60.0,66.0,74.0,1,74.0,15
7,56.0,60.0,64.0,59.0,1,59.0,15
8,56.0,60.0,58.0,41.0,1,41.0,15
9,56.0,60.0,60.0,65.0,0,60.0,15
0,60.0,52.0,70.0,47.0,0,70.0,16
1,60.0,52.0,52.0,60.0,1,60.0,16
2,60.0,52.0,62.0,47.0,0,62.0,16
3,60.0,52.0,61.0,58.0,0,61.0,16
4,60.0,52.0,70.0,63.0,1,63.0,16
5,60.0,52.0,62.0,51.0,1,51.0,16
6,60.0,52.0,56.0,39.0,1,39.0,16
7,60.0,52.0,53.0,57.0,0,53.0,16
8,60.0,52.0,60.0,54.0,1,54.0,16
9,60.0,52.0,69.0,55.0,1,55.0,16
0,36.0,40.0,14.0,35.0,1,35.0,17
1,36.0,40.0,38.0,47.0,0,38.0,17
2,36.0,40.0,51.0,34.0,1,34.0,17
3,36.0,40.0,43.0,42.0,0,43.0,17
4,36.0,40.0,23.0,47.0,1,47.0,17
5,36.0,40.0,32.0,46.0,0,32.0,17
6,36.0,40.0,43.0,47.0,0,43.0,17
7,36.0,40.0,50.0,40.0,0,50.0,17
8,36.0,40.0,48.0,39.0,1,39.0,17
9,36.0,40.0,21.0,42.0,0,21.0,17
0,28.0,40.0,16.0,36.0,0,16.0,18
1,28.0,40.0,37.0,46.0,1,46.0,18
2,28.0,40.0,21.0,33.0,0,21.0,18
3,28.0,40.0,29.0,35.0,1,35.0,18
4,28.0,40.0,24.0,32.0,0,24.0,18
0,68.0,60.0,70.0,57.0,0,70.0,19
1,68.0,60.0,59.0,73.0,0,59.0,19
2,68.0,60.0,63.0,54.0,1,54.0,19
3,68.0,60.0,66.0,62.0,0,66.0,19
4,68.0,60.0,79.0,66.0,0,79.0,19
5,68.0,60.0,72.0,75.0,1,75.0,19
6,68.0,60.0,81.0,58.0,1,58.0,19
7,68.0,60.0,66.0,57.0,1,57.0,19
8,68.0,60.0,58.0,60.0,0,58.0,19
9,68.0,60.0,76.0,55.0,1,55.0,19
0,40.0,36.0,41.0,19.0,0,41.0,20
1,40.0,36.0,48.0,40.0,1,40.0,20
2,40.0,36.0,43.0,25.0,0,43.0,20
3,40.0,36.0,38.0,34.0,1,34.0,20
4,40.0,36.0,42.0,28.0,1,28.0,20
5,40.0,36.0,34.0,35.0,0,34.0,20
6,40.0,36.0,46.0,24.0,1,24.0,20
7,40.0,36.0,40.0,44.0,0,40.0,20
8,40.0,36.0,38.0,49.0,0,38.0,20
9,40.0,36.0,53.0,41.0,1,41.0,20
0,28.0,40.0,33.0,52.0,0,33.0,21
1,28.0,40.0,34.0,19.0,0,34.0,21
2,28.0,40.0,19.0,35.0,1,35.0,21
3,28.0,40.0,30.0,39.0,0,30.0,21
4,28.0,40.0,33.0,34.0,1,34.0,21
5,28.0,40.0,22.0,29.0,0,22.0,21
6,28.0,40.0,22.0,29.0,0,22.0,21
7,28.0,40.0,18.0,40.0,1,40.0,21
8,28.0,40.0,37.0,44.0,1,44.0,21
9,28.0,40.0,30.0,43.0,1,43.0,21
0,60.0,48.0,69.0,44.0,1,44.0,22
1,60.0,48.0,48.0,50.0,1,50.0,22
2,60.0,48.0,71.0,45.0,1,45.0,22
3,60.0,48.0,67.0,31.0,0,67.0,22
4,60.0,48.0,71.0,51.0,1,51.0,22
0,60.0,68.0,65.0,82.0,1,82.0,23
1,60.0,68.0,57.0,76.0,0,57.0,23
2,60.0,68.0,70.0,59.0,1,59.0,23
3,60.0,68.0,50.0,61.0,0,50.0,23
4,60.0,68.0,58.0,57.0,1,57.0,23
5,60.0,68.0,48.0,67.0,0,48.0,23
6,60.0,68.0,63.0,81.0,1,81.0,23
7,60.0,68.0,63.0,66.0,0,63.0,23
8,60.0,68.0,60.0,85.0,0,60.0,23
9,60.0,68.0,69.0,62.0,0,69.0,23
0,60.0,64.0,67.0,65.0,1,65.0,24
1,60.0,64.0,58.0,60.0,0,58.0,24
2,60.0,64.0,74.0,64.0,1,64.0,24
3,60.0,64.0,72.0,70.0,0,72.0,24
4,60.0,64.0,49.0,52.0,1,52.0,24
5,60.0,64.0,54.0,50.0,1,50.0,24
6,60.0,64.0,64.0,55.0,1,55.0,24
7,60.0,64.0,58.0,71.0,0,58.0,24
8,60.0,64.0,44.0,62.0,0,44.0,24
9,60.0,64.0,75.0,51.0,0,75.0,24
0,60.0,56.0,58.0,46.0,1,46.0,25
1,60.0,56.0,62.0,58.0,0,62.0,25
2,60.0,56.0,59.0,62.0,1,62.0,25
3,60.0,56.0,64.0,66.0,1,66.0,25
4,60.0,56.0,57.0,61.0,1,61.0,25
5,60.0,56.0,59.0,51.0,0,59.0,25
6,60.0,56.0,75.0,40.0,1,40.0,25
7,60.0,56.0,44.0,37.0,0,44.0,25
8,60.0,56.0,60.0,39.0,1,39.0,25
9,60.0,56.0,50.0,66.0,1,66.0,25
0,60.0,52.0,72.0,48.0,1,48.0,26
1,60.0,52.0,66.0,49.0,1,49.0,26
2,60.0,52.0,71.0,54.0,0,71.0,26
3,60.0,52.0,50.0,45.0,0,50.0,26
4,60.0,52.0,67.0,42.0,1,42.0,26
0,68.0,60.0,64.0,62.0,0,64.0,27
1,68.0,60.0,78.0,63.0,1,63.0,27
2,68.0,60.0,54.0,57.0,1,57.0,27
3,68.0,60.0,66.0,63.0,1,63.0,27
4,68.0,60.0,59.0,61.0,0,59.0,27
5,68.0,60.0,87.0,50.0,0,87.0,27
6,68.0,60.0,75.0,61.0,0,75.0,27
7,68.0,60.0,71.0,48.0,0,71.0,27
8,68.0,60.0,57.0,66.0,0,57.0,27
9,68.0,60.0,72.0,65.0,1,65.0,27
0,60.0,90.0,63.0,98.0,1,98.0,28
1,60.0,90.0,58.0,100.0,0,58.0,28
2,60.0,90.0,59.0,87.0,1,87.0,28
3,60.0,90.0,67.0,87.0,1,87.0,28
4,60.0,90.0,67.0,94.0,0,67.0,28
0,10.0,40.0,3.0,33.0,1,33.0,29
1,10.0,40.0,14.0,33.0,1,33.0,29
2,10.0,40.0,7.0,36.0,1,36.0,29
3,10.0,40.0,8.0,48.0,0,8.0,29
4,10.0,40.0,9.0,23.0,1,23.0,29
5,10.0,40.0,5.0,35.0,1,35.0,29
6,10.0,40.0,10.0,28.0,1,28.0,29
7,10.0,40.0,14.0,24.0,1,24.0,29
8,10.0,40.0,1.0,35.0,1,35.0,29
9,10.0,40.0,23.0,27.0,1,27.0,29
0,56.0,60.0,54.0,58.0,1,58.0,30
1,56.0,60.0,58.0,68.0,0,58.0,30
2,56.0,60.0,61.0,71.0,1,71.0,30
3,56.0,60.0,53.0,59.0,0,53.0,30
4,56.0,60.0,55.0,65.0,0,55.0,30
5,56.0,60.0,59.0,60.0,1,60.0,30
6,56.0,60.0,54.0,62.0,1,62.0,30
7,56.0,60.0,60.0,64.0,1,64.0,30
8,56.0,60.0,60.0,63.0,0,60.0,30
9,56.0,60.0,58.0,65.0,1,65.0,30
0,48.0,40.0,49.0,39.0,0,49.0,31
1,48.0,40.0,50.0,29.0,0,50.0,31
2,48.0,40.0,43.0,36.0,0,43.0,31
3,48.0,40.0,50.0,54.0,1,54.0,31
4,48.0,40.0,58.0,35.0,1,35.0,31
5,48.0,40.0,50.0,38.0,1,38.0,31
6,48.0,40.0,57.0,43.0,0,57.0,31
7,48.0,40.0,55.0,37.0,0,55.0,31
8,48.0,40.0,54.0,39.0,0,54.0,31
9,48.0,40.0,51.0,44.0,0,51.0,31
0,40.0,44.0,44.0,43.0,1,43.0,32
1,40.0,44.0,44.0,41.0,1,41.0,32
2,40.0,44.0,44.0,50.0,0,44.0,32
3,40.0,44.0,43.0,54.0,1,54.0,32
4,40.0,44.0,30.0,55.0,0,30.0,32
0,40.0,60.0,48.0,55.0,0,48.0,33
1,40.0,60.0,42.0,56.0,1,56.0,33
2,40.0,60.0,41.0,56.0,1,56.0,33
3,40.0,60.0,27.0,43.0,1,43.0,33
4,40.0,60.0,45.0,66.0,0,45.0,33
0,52.0,40.0,76.0,40.0,1,40.0,34
1,52.0,40.0,59.0,25.0,1,25.0,34
2,52.0,40.0,56.0,35.0,0,56.0,34
3,52.0,40.0,56.0,38.0,0,56.0,34
4,52.0,40.0,53.0,48.0,1,48.0,34
0,32.0,40.0,35.0,31.0,1,31.0,35
1,32.0,40.0,42.0,45.0,0,42.0,35
2,32.0,40.0,35.0,40.0,0,35.0,35
3,32.0,40.0,37.0,41.0,1,41.0,35
4,32.0,40.0,35.0,41.0,1,41.0,35
0,10.0,40.0,15.0,30.0,1,30.0,36
1,10.0,40.0,18.0,53.0,1,53.0,36
2,10.0,40.0,2.0,26.0,0,2.0,36
3,10.0,40.0,-1.0,35.0,0,-1.0,36
4,10.0,40.0,14.0,34.0,1,34.0,36
0,64.0,60.0,71.0,67.0,1,67.0,37
1,64.0,60.0,55.0,64.0,0,55.0,37
2,64.0,60.0,63.0,61.0,0,63.0,37
3,64.0,60.0,80.0,52.0,0,80.0,37
4,64.0,60.0,48.0,62.0,0,48.0,37
0,40.0,60.0,50.0,76.0,1,76.0,38
1,40.0,60.0,47.0,48.0,1,48.0,38
2,40.0,60.0,46.0,56.0,0,46.0,38
3,40.0,60.0,38.0,58.0,1,58.0,38
4,40.0,60.0,32.0,68.0,1,68.0,38
0,60.0,90.0,59.0,88.0,0,59.0,39
1,60.0,90.0,72.0,84.0,1,84.0,39
2,60.0,90.0,70.0,78.0,0,70.0,39
3,60.0,90.0,51.0,86.0,1,86.0,39
4,60.0,90.0,56.0,92.0,0,56.0,39
0,40.0,44.0,39.0,64.0,0,39.0,40
1,40.0,44.0,42.0,45.0,1,45.0,40
2,40.0,44.0,28.0,25.0,0,28.0,40
3,40.0,44.0,37.0,39.0,0,37.0,40
4,40.0,44.0,42.0,33.0,1,33.0,40
0,48.0,60.0,43.0,45.0,1,45.0,41
1,48.0,60.0,43.0,64.0,1,64.0,41
2,48.0,60.0,44.0,50.0,0,44.0,41
3,48.0,60.0,52.0,67.0,0,52.0,41
4,48.0,60.0,62.0,60.0,0,62.0,41
5,48.0,60.0,33.0,55.0,1,55.0,41
6,48.0,60.0,54.0,70.0,1,70.0,41
7,48.0,60.0,58.0,57.0,1,57.0,41
8,48.0,60.0,46.0,62.0,0,46.0,41
9,48.0,60.0,45.0,70.0,1,70.0,41
0,64.0,60.0,65.0,49.0,1,49.0,42
1,64.0,60.0,66.0,64.0,0,66.0,42
2,64.0,60.0,70.0,63.0,0,70.0,42
3,64.0,60.0,65.0,62.0,1,62.0,42
4,64.0,60.0,64.0,76.0,1,76.0,42
0,68.0,60.0,74.0,63.0,0,74.0,43
1,68.0,60.0,65.0,56.0,1,56.0,43
2,68.0,60.0,64.0,49.0,0,64.0,43
3,68.0,60.0,55.0,55.0,0,55.0,43
4,68.0,60.0,68.0,62.0,1,62.0,43
5,68.0,60.0,66.0,65.0,0,66.0,43
6,68.0,60.0,57.0,69.0,1,69.0,43
7,68.0,60.0,70.0,73.0,1,73.0,43
8,68.0,60.0,65.0,78.0,0,65.0,43
9,68.0,60.0,63.0,66.0,0,63.0,43
0,52.0,60.0,47.0,59.0,1,59.0,44
1,52.0,60.0,67.0,75.0,0,67.0,44
2,52.0,60.0,51.0,63.0,0,51.0,44
3,52.0,60.0,50.0,71.0,1,71.0,44
4,52.0,60.0,40.0,69.0,0,40.0,44
5,52.0,60.0,54.0,69.0,1,69.0,44
6,52.0,60.0,61.0,48.0,1,48.0,44
7,52.0,60.0,48.0,43.0,0,48.0,44
8,52.0,60.0,44.0,58.0,0,44.0,44
9,52.0,60.0,68.0,52.0,0,68.0,44
0,60.0,80.0,66.0,73.0,0,66.0,45
1,60.0,80.0,62.0,90.0,1,90.0,45
2,60.0,80.0,68.0,79.0,0,68.0,45
3,60.0,80.0,54.0,75.0,0,54.0,45
4,60.0,80.0,67.0,87.0,0,67.0,45
5,60.0,80.0,63.0,89.0,0,63.0,45
6,60.0,80.0,58.0,83.0,0,58.0,45
7,60.0,80.0,65.0,73.0,1,73.0,45
8,60.0,80.0,57.0,76.0,1,76.0,45
9,60.0,80.0,64.0,63.0,0,64.0,45
0,60.0,30.0,66.0,42.0,0,66.0,46
1,60.0,30.0,53.0,29.0,1,29.0,46
2,60.0,30.0,64.0,38.0,1,38.0,46
3,60.0,30.0,46.0,32.0,1,32.0,46
4,60.0,30.0,60.0,28.0,0,60.0,46
5,60.0,30.0,50.0,10.0,1,10.0,46
6,60.0,30.0,76.0,43.0,1,43.0,46
7,60.0,30.0,64.0,36.0,1,36.0,46
8,60.0,30.0,35.0,16.0,0,35.0,46
9,60.0,30.0,62.0,22.0,1,22.0,46
0,40.0,20.0,39.0,16.0,0,39.0,47
1,40.0,20.0,50.0,40.0,0,50.0,47
2,40.0,20.0,31.0,10.0,1,10.0,47
3,40.0,20.0,38.0,23.0,1,23.0,47
4,40.0,20.0,44.0,26.0,1,26.0,47
0,60.0,40.0,73.0,31.0,0,73.0,48
1,60.0,40.0,67.0,37.0,1,37.0,48
2,60.0,40.0,54.0,47.0,1,47.0,48
3,60.0,40.0,58.0,26.0,0,58.0,48
4,60.0,40.0,41.0,39.0,1,39.0,48
0,40.0,44.0,38.0,35.0,1,35.0,49
1,40.0,44.0,41.0,35.0,0,41.0,49
2,40.0,44.0,25.0,42.0,1,42.0,49
3,40.0,44.0,42.0,29.0,0,42.0,49
4,40.0,44.0,24.0,52.0,1,52.0,49
5,40.0,44.0,35.0,45.0,0,35.0,49
6,40.0,44.0,42.0,42.0,1,42.0,49
7,40.0,44.0,45.0,49.0,0,45.0,49
8,40.0,44.0,44.0,49.0,0,44.0,49
9,40.0,44.0,42.0,47.0,1,47.0,49
0,40.0,48.0,33.0,47.0,0,33.0,50
1,40.0,48.0,52.0,53.0,1,53.0,50
2,40.0,48.0,44.0,48.0,1,48.0,50
3,40.0,48.0,46.0,69.0,0,46.0,50
4,40.0,48.0,41.0,39.0,0,41.0,50
0,40.0,10.0,36.0,16.0,1,16.0,51
1,40.0,10.0,30.0,14.0,0,30.0,51
2,40.0,10.0,44.0,7.0,1,7.0,51
3,40.0,10.0,34.0,15.0,1,15.0,51
4,40.0,10.0,34.0,23.0,0,34.0,51
5,40.0,10.0,50.0,17.0,1,17.0,51
6,40.0,10.0,38.0,-8.0,0,38.0,51
7,40.0,10.0,46.0,26.0,0,46.0,51
8,40.0,10.0,43.0,13.0,1,13.0,51
9,40.0,10.0,43.0,3.0,1,3.0,51
0,80.0,60.0,82.0,67.0,0,82.0,52
1,80.0,60.0,71.0,53.0,0,71.0,52
2,80.0,60.0,65.0,63.0,1,63.0,52
3,80.0,60.0,77.0,52.0,1,52.0,52
4,80.0,60.0,68.0,54.0,1,54.0,52
5,80.0,60.0,77.0,33.0,0,77.0,52
6,80.0,60.0,74.0,52.0,1,52.0,52
7,80.0,60.0,70.0,65.0,0,70.0,52
8,80.0,60.0,92.0,55.0,1,55.0,52
9,80.0,60.0,80.0,62.0,1,62.0,52
0,52.0,60.0,45.0,43.0,0,45.0,53
1,52.0,60.0,42.0,70.0,1,70.0,53
2,52.0,60.0,55.0,63.0,1,63.0,53
3,52.0,60.0,55.0,69.0,0,55.0,53
4,52.0,60.0,55.0,55.0,0,55.0,53
5,52.0,60.0,60.0,61.0,0,60.0,53
6,52.0,60.0,49.0,73.0,1,73.0,53
7,52.0,60.0,57.0,53.0,0,57.0,53
8,52.0,60.0,34.0,63.0,0,34.0,53
9,52.0,60.0,50.0,64.0,1,64.0,53
0,60.0,90.0,71.0,84.0,0,71.0,54
1,60.0,90.0,59.0,92.0,0,59.0,54
2,60.0,90.0,59.0,97.0,1,97.0,54
3,60.0,90.0,63.0,95.0,1,95.0,54
4,60.0,90.0,56.0,84.0,1,84.0,54
5,60.0,90.0,72.0,95.0,0,72.0,54
6,60.0,90.0,51.0,87.0,0,51.0,54
7,60.0,90.0,56.0,93.0,0,56.0,54
8,60.0,90.0,61.0,97.0,1,97.0,54
9,60.0,90.0,61.0,86.0,0,61.0,54
0,68.0,60.0,54.0,67.0,1,67.0,55
1,68.0,60.0,64.0,67.0,0,64.0,55
2,68.0,60.0,59.0,53.0,1,53.0,55
3,68.0,60.0,70.0,57.0,1,57.0,55
4,68.0,60.0,63.0,57.0,0,63.0,55
0,72.0,60.0,62.0,60.0,0,62.0,56
1,72.0,60.0,80.0,63.0,0,80.0,56
2,72.0,60.0,78.0,61.0,1,61.0,56
3,72.0,60.0,62.0,54.0,0,62.0,56
4,72.0,60.0,71.0,53.0,1,53.0,56
0,40.0,60.0,46.0,55.0,1,55.0,57
1,40.0,60.0,51.0,60.0,1,60.0,57
2,40.0,60.0,31.0,58.0,0,31.0,57
3,40.0,60.0,42.0,66.0,1,66.0,57
4,40.0,60.0,38.0,67.0,1,67.0,57
5,40.0,60.0,41.0,69.0,1,69.0,57
6,40.0,60.0,41.0,66.0,1,66.0,57
7,40.0,60.0,34.0,52.0,1,52.0,57
8,40.0,60.0,22.0,64.0,1,64.0,57
9,40.0,60.0,28.0,59.0,0,28.0,57
0,48.0,40.0,52.0,42.0,0,52.0,58
1,48.0,40.0,56.0,30.0,0,56.0,58
2,48.0,40.0,55.0,33.0,1,33.0,58
3,48.0,40.0,49.0,34.0,1,34.0,58
4,48.0,40.0,43.0,35.0,1,35.0,58
0,40.0,28.0,44.0,22.0,0,44.0,59
1,40.0,28.0,25.0,36.0,0,25.0,59
2,40.0,28.0,35.0,35.0,1,35.0,59
3,40.0,28.0,41.0,30.0,0,41.0,59
4,40.0,28.0,41.0,13.0,1,13.0,59
5,40.0,28.0,47.0,32.0,1,32.0,59
6,40.0,28.0,38.0,31.0,1,31.0,59
7,40.0,28.0,56.0,20.0,1,20.0,59
8,40.0,28.0,34.0,31.0,0,34.0,59
9,40.0,28.0,49.0,33.0,0,49.0,59
0,30.0,60.0,33.0,56.0,0,33.0,60
1,30.0,60.0,35.0,65.0,1,65.0,60
2,30.0,60.0,26.0,62.0,1,62.0,60
3,30.0,60.0,28.0,62.0,0,28.0,60
4,30.0,60.0,42.0,58.0,0,42.0,60
0,72.0,60.0,64.0,50.0,0,64.0,61
1,72.0,60.0,59.0,51.0,1,51.0,61
2,72.0,60.0,59.0,58.0,0,59.0,61
3,72.0,60.0,76.0,57.0,1,57.0,61
4,72.0,60.0,60.0,58.0,0,60.0,61
0,48.0,60.0,39.0,71.0,0,39.0,62
1,48.0,60.0,46.0,53.0,1,53.0,62
2,48.0,60.0,41.0,62.0,1,62.0,62
3,48.0,60.0,52.0,55.0,1,55.0,62
4,48.0,60.0,50.0,76.0,0,50.0,62
5,48.0,60.0,52.0,66.0,1,66.0,62
6,48.0,60.0,49.0,58.0,0,49.0,62
7,48.0,60.0,46.0,34.0,0,46.0,62
8,48.0,60.0,63.0,65.0,1,65.0,62
9,48.0,60.0,45.0,68.0,0,45.0,62
0,60.0,40.0,49.0,34.0,0,49.0,63
1,60.0,40.0,48.0,34.0,1,34.0,63
2,60.0,40.0,64.0,42.0,1,42.0,63
3,60.0,40.0,43.0,47.0,1,47.0,63
4,60.0,40.0,78.0,41.0,0,78.0,63
0,40.0,70.0,38.0,71.0,0,38.0,64
1,40.0,70.0,37.0,79.0,0,37.0,64
2,40.0,70.0,49.0,60.0,0,49.0,64
3,40.0,70.0,38.0,68.0,1,68.0,64
4,40.0,70.0,39.0,78.0,0,39.0,64
0,60.0,30.0,57.0,32.0,0,57.0,65
1,60.0,30.0,61.0,22.0,1,22.0,65
2,60.0,30.0,63.0,28.0,0,63.0,65
3,60.0,30.0,59.0,40.0,1,40.0,65
4,60.0,30.0,57.0,35.0,1,35.0,65
5,60.0,30.0,63.0,27.0,0,63.0,65
6,60.0,30.0,65.0,24.0,1,24.0,65
7,60.0,30.0,76.0,21.0,1,21.0,65
8,60.0,30.0,51.0,28.0,1,28.0,65
9,60.0,30.0,70.0,40.0,1,40.0,65
0,60.0,30.0,48.0,27.0,0,48.0,66
1,60.0,30.0,48.0,38.0,1,38.0,66
2,60.0,30.0,65.0,32.0,1,32.0,66
3,60.0,30.0,46.0,26.0,0,46.0,66
4,60.0,30.0,60.0,46.0,1,46.0,66
0,56.0,60.0,58.0,67.0,0,58.0,67
1,56.0,60.0,45.0,53.0,1,53.0,67
2,56.0,60.0,65.0,68.0,1,68.0,67
3,56.0,60.0,48.0,58.0,1,58.0,67
4,56.0,60.0,62.0,65.0,0,62.0,67
5,56.0,60.0,41.0,55.0,0,41.0,67
6,56.0,60.0,74.0,59.0,0,74.0,67
7,56.0,60.0,76.0,53.0,0,76.0,67
8,56.0,60.0,65.0,60.0,1,60.0,67
9,56.0,60.0,49.0,61.0,0,49.0,67
0,60.0,68.0,56.0,55.0,1,55.0,68
1,60.0,68.0,57.0,67.0,1,67.0,68
2,60.0,68.0,58.0,72.0,0,58.0,68
3,60.0,68.0,55.0,67.0,0,55.0,68
4,60.0,68.0,59.0,59.0,0,59.0,68
5,60.0,68.0,66.0,61.0,0,66.0,68
6,60.0,68.0,46.0,72.0,1,72.0,68
7,60.0,68.0,71.0,65.0,1,65.0,68
8,60.0,68.0,53.0,84.0,1,84.0,68
9,60.0,68.0,70.0,56.0,0,70.0,68
0,36.0,40.0,23.0,35.0,1,35.0,69
1,36.0,40.0,39.0,45.0,0,39.0,69
2,36.0,40.0,31.0,53.0,1,53.0,69
3,36.0,40.0,40.0,32.0,1,32.0,69
4,36.0,40.0,47.0,42.0,1,42.0,69
0,60.0,90.0,58.0,84.0,0,58.0,70
1,60.0,90.0,62.0,86.0,0,62.0,70
2,60.0,90.0,55.0,96.0,1,96.0,70
3,60.0,90.0,52.0,93.0,1,93.0,70
4,60.0,90.0,64.0,101.0,1,101.0,70
0,44.0,40.0,42.0,33.0,1,33.0,71
1,44.0,40.0,44.0,48.0,1,48.0,71
2,44.0,40.0,41.0,47.0,1,47.0,71
3,44.0,40.0,46.0,35.0,0,46.0,71
4,44.0,40.0,35.0,48.0,1,48.0,71
0,40.0,60.0,38.0,48.0,0,38.0,72
1,40.0,60.0,36.0,70.0,1,70.0,72
2,40.0,60.0,33.0,66.0,0,33.0,72
3,40.0,60.0,42.0,63.0,0,42.0,72
4,40.0,60.0,32.0,57.0,0,32.0,72
5,40.0,60.0,35.0,68.0,1,68.0,72
6,40.0,60.0,47.0,66.0,0,47.0,72
7,40.0,60.0,41.0,63.0,0,41.0,72
8,40.0,60.0,47.0,64.0,1,64.0,72
9,40.0,60.0,31.0,68.0,1,68.0,72
0,36.0,40.0,34.0,46.0,1,46.0,73
1,36.0,40.0,43.0,39.0,0,43.0,73
2,36.0,40.0,32.0,36.0,1,36.0,73
3,36.0,40.0,37.0,29.0,0,37.0,73
4,36.0,40.0,44.0,40.0,0,44.0,73
5,36.0,40.0,36.0,36.0,0,36.0,73
6,36.0,40.0,45.0,40.0,1,40.0,73
7,36.0,40.0,30.0,41.0,1,41.0,73
8,36.0,40.0,23.0,46.0,0,23.0,73
9,36.0,40.0,34.0,46.0,0,34.0,73
0,70.0,40.0,84.0,45.0,0,84.0,74
1,70.0,40.0,77.0,49.0,0,77.0,74
2,70.0,40.0,63.0,45.0,1,45.0,74
3,70.0,40.0,73.0,48.0,0,73.0,74
4,70.0,40.0,54.0,44.0,1,44.0,74
5,70.0,40.0,89.0,37.0,1,37.0,74
6,70.0,40.0,58.0,40.0,1,40.0,74
7,70.0,40.0,70.0,36.0,1,36.0,74
8,70.0,40.0,77.0,28.0,0,77.0,74
9,70.0,40.0,69.0,47.0,1,47.0,74
0,32.0,40.0,40.0,39.0,1,39.0,75
1,32.0,40.0,30.0,41.0,0,30.0,75
2,32.0,40.0,30.0,34.0,1,34.0,75
3,32.0,40.0,33.0,56.0,0,33.0,75
4,32.0,40.0,38.0,50.0,0,38.0,75
5,32.0,40.0,24.0,49.0,1,49.0,75
6,32.0,40.0,38.0,49.0,1,49.0,75
7,32.0,40.0,34.0,33.0,0,34.0,75
8,32.0,40.0,26.0,32.0,0,26.0,75
9,32.0,40.0,38.0,51.0,1,51.0,75
0,30.0,60.0,27.0,66.0,1,66.0,76
1,30.0,60.0,34.0,50.0,1,50.0,76
2,30.0,60.0,24.0,48.0,1,48.0,76
3,30.0,60.0,25.0,55.0,0,25.0,76
4,30.0,60.0,26.0,53.0,1,53.0,76
5,30.0,60.0,38.0,54.0,1,54.0,76
6,30.0,60.0,48.0,62.0,1,62.0,76
7,30.0,60.0,35.0,48.0,1,48.0,76
8,30.0,60.0,41.0,62.0,1,62.0,76
9,30.0,60.0,32.0,58.0,0,32.0,76
0,44.0,40.0,46.0,26.0,0,46.0,77
1,44.0,40.0,43.0,33.0,1,33.0,77
2,44.0,40.0,60.0,43.0,1,43.0,77
3,44.0,40.0,40.0,55.0,0,40.0,77
4,44.0,40.0,46.0,43.0,0,46.0,77
0,44.0,40.0,51.0,41.0,1,41.0,78
1,44.0,40.0,51.0,43.0,0,51.0,78
2,44.0,40.0,35.0,38.0,1,38.0,78
3,44.0,40.0,43.0,37.0,0,43.0,78
4,44.0,40.0,54.0,40.0,0,54.0,78
5,44.0,40.0,45.0,31.0,0,45.0,78
6,44.0,40.0,38.0,38.0,1,38.0,78
7,44.0,40.0,41.0,33.0,0,41.0,78
8,44.0,40.0,39.0,36.0,0,39.0,78
9,44.0,40.0,48.0,40.0,1,40.0,78
0,60.0,40.0,63.0,39.0,0,63.0,79
1,60.0,40.0,58.0,33.0,1,33.0,79
2,60.0,40.0,67.0,48.0,1,48.0,79
3,60.0,40.0,66.0,46.0,0,66.0,79
4,60.0,40.0,65.0,45.0,1,45.0,79
5,60.0,40.0,63.0,49.0,0,63.0,79
6,60.0,40.0,65.0,41.0,1,41.0,79
7,60.0,40.0,67.0,32.0,1,32.0,79
8,60.0,40.0,66.0,47.0,0,66.0,79
9,60.0,40.0,55.0,43.0,1,43.0,79
0,60.0,48.0,62.0,44.0,0,62.0,80
1,60.0,48.0,77.0,35.0,1,35.0,80
2,60.0,48.0,57.0,55.0,0,57.0,80
3,60.0,48.0,62.0,47.0,0,62.0,80
4,60.0,48.0,68.0,41.0,0,68.0,80
5,60.0,48.0,61.0,51.0,0,61.0,80
6,60.0,48.0,64.0,54.0,1,54.0,80
7,60.0,48.0,48.0,41.0,1,41.0,80
8,60.0,48.0,60.0,51.0,0,60.0,80
9,60.0,48.0,47.0,39.0,1,39.0,80
0,40.0,44.0,52.0,39.0,1,39.0,81
1,40.0,44.0,30.0,37.0,0,30.0,81
2,40.0,44.0,43.0,54.0,0,43.0,81
3,40.0,44.0,43.0,43.0,1,43.0,81
4,40.0,44.0,35.0,49.0,1,49.0,81
0,60.0,56.0,46.0,53.0,1,53.0,82
1,60.0,56.0,61.0,57.0,1,57.0,82
2,60.0,56.0,53.0,50.0,0,53.0,82
3,60.0,56.0,67.0,50.0,0,67.0,82
4,60.0,56.0,45.0,44.0,0,45.0,82
5,60.0,56.0,71.0,47.0,0,71.0,82
6,60.0,56.0,56.0,68.0,0,56.0,82
7,60.0,56.0,56.0,55.0,0,56.0,82
8,60.0,56.0,50.0,63.0,1,63.0,82
9,60.0,56.0,64.0,56.0,1,56.0,82
0,40.0,10.0,39.0,-6.0,1,-6.0,83
1,40.0,10.0,42.0,3.0,1,3.0,83
2,40.0,10.0,33.0,15.0,0,33.0,83
3,40.0,10.0,60.0,10.0,0,60.0,83
4,40.0,10.0,52.0,20.0,1,20.0,83
0,40.0,10.0,47.0,11.0,0,47.0,84
1,40.0,10.0,51.0,18.0,0,51.0,84
2,40.0,10.0,56.0,6.0,0,56.0,84
3,40.0,10.0,47.0,17.0,1,17.0,84
4,40.0,10.0,35.0,10.0,0,35.0,84
5,40.0,10.0,43.0,10.0,0,43.0,84
6,40.0,10.0,44.0,10.0,1,10.0,84
7,40.0,10.0,58.0,5.0,1,5.0,84
8,40.0,10.0,47.0,9.0,1,9.0,84
9,40.0,10.0,52.0,6.0,1,6.0,84
0,60.0,56.0,57.0,65.0,0,57.0,85
1,60.0,56.0,66.0,54.0,1,54.0,85
2,60.0,56.0,51.0,57.0,1,57.0,85
3,60.0,56.0,51.0,49.0,1,49.0,85
4,60.0,56.0,60.0,68.0,0,60.0,85
5,60.0,56.0,53.0,52.0,0,53.0,85
6,60.0,56.0,68.0,51.0,0,68.0,85
7,60.0,56.0,61.0,53.0,0,61.0,85
8,60.0,56.0,65.0,43.0,1,43.0,85
9,60.0,56.0,72.0,53.0,1,53.0,85
0,30.0,60.0,52.0,54.0,1,54.0,86
1,30.0,60.0,24.0,68.0,0,24.0,86
2,30.0,60.0,14.0,57.0,1,57.0,86
3,30.0,60.0,25.0,61.0,1,61.0,86
4,30.0,60.0,40.0,59.0,0,40.0,86
5,30.0,60.0,42.0,74.0,0,42.0,86
6,30.0,60.0,27.0,65.0,0,27.0,86
7,30.0,60.0,25.0,69.0,0,25.0,86
8,30.0,60.0,34.0,57.0,1,57.0,86
9,30.0,60.0,26.0,46.0,0,26.0,86
0,40.0,52.0,40.0,49.0,1,49.0,87
1,40.0,52.0,38.0,42.0,1,42.0,87
2,40.0,52.0,49.0,55.0,0,49.0,87
3,40.0,52.0,32.0,62.0,1,62.0,87
4,40.0,52.0,30.0,47.0,0,30.0,87
0,30.0,60.0,26.0,52.0,1,52.0,88
1,30.0,60.0,31.0,62.0,1,62.0,88
2,30.0,60.0,30.0,60.0,1,60.0,88
3,30.0,60.0,21.0,50.0,0,21.0,88
4,30.0,60.0,11.0,66.0,0,11.0,88
0,40.0,28.0,38.0,20.0,0,38.0,89
1,40.0,28.0,28.0,18.0,1,18.0,89
2,40.0,28.0,49.0,33.0,0,49.0,89
3,40.0,28.0,26.0,17.0,0,26.0,89
4,40.0,28.0,36.0,20.0,1,20.0,89
5,40.0,28.0,26.0,22.0,1,22.0,89
6,40.0,28.0,49.0,20.0,1,20.0,89
7,40.0,28.0,37.0,45.0,0,37.0,89
8,40.0,28.0,44.0,28.0,0,44.0,89
9,40.0,28.0,40.0,42.0,0,40.0,89
0,40.0,20.0,42.0,16.0,1,16.0,90
1,40.0,20.0,32.0,24.0,1,24.0,90
2,40.0,20.0,47.0,-7.0,1,-7.0,90
3,40.0,20.0,49.0,10.0,0,49.0,90
4,40.0,20.0,40.0,32.0,1,32.0,90
5,40.0,20.0,33.0,15.0,1,15.0,90
6,40.0,20.0,43.0,21.0,0,43.0,90
7,40.0,20.0,46.0,20.0,0,46.0,90
8,40.0,20.0,54.0,12.0,1,12.0,90
9,40.0,20.0,41.0,23.0,1,23.0,90
0,32.0,40.0,28.0,31.0,1,31.0,91
1,32.0,40.0,37.0,57.0,0,37.0,91
2,32.0,40.0,35.0,43.0,0,35.0,91
3,32.0,40.0,34.0,32.0,0,34.0,91
4,32.0,40.0,30.0,31.0,0,30.0,91
0,40.0,28.0,54.0,22.0,1,22.0,92
1,40.0,28.0,40.0,26.0,0,40.0,92
2,40.0,28.0,43.0,28.0,1,28.0,92
3,40.0,28.0,35.0,29.0,1,29.0,92
4,40.0,28.0,25.0,26.0,1,26.0,92
5,40.0,28.0,32.0,34.0,0,32.0,92
6,40.0,28.0,35.0,26.0,0,35.0,92
7,40.0,28.0,34.0,20.0,1,20.0,92
8,40.0,28.0,37.0,29.0,1,29.0,92
9,40.0,28.0,29.0,12.0,0,29.0,92
0,40.0,28.0,32.0,11.0,1,11.0,93
1,40.0,28.0,28.0,32.0,0,28.0,93
2,40.0,28.0,49.0,27.0,1,27.0,93
3,40.0,28.0,47.0,36.0,0,47.0,93
4,40.0,28.0,43.0,29.0,0,43.0,93
0,48.0,40.0,58.0,42.0,0,58.0,94
1,48.0,40.0,43.0,30.0,1,30.0,94
2,48.0,40.0,40.0,38.0,0,40.0,94
3,48.0,40.0,49.0,36.0,0,49.0,94
4,48.0,40.0,54.0,35.0,0,54.0,94
5,48.0,40.0,50.0,29.0,0,50.0,94
6,48.0,40.0,36.0,48.0,1,48.0,94
7,48.0,40.0,47.0,16.0,0,47.0,94
8,48.0,40.0,53.0,45.0,0,53.0,94
9,48.0,40.0,47.0,40.0,1,40.0,94
0,68.0,60.0,68.0,56.0,0,68.0,95
1,68.0,60.0,74.0,73.0,1,73.0,95
2,68.0,60.0,83.0,56.0,1,56.0,95
3,68.0,60.0,73.0,64.0,0,73.0,95
4,68.0,60.0,61.0,67.0,0,61.0,95
5,68.0,60.0,57.0,61.0,0,57.0,95
6,68.0,60.0,75.0,65.0,0,75.0,95
7,68.0,60.0,72.0,53.0,0,72.0,95
8,68.0,60.0,75.0,57.0,1,57.0,95
9,68.0,60.0,60.0,55.0,0,60.0,95
0,56.0,60.0,59.0,60.0,1,60.0,96
1,56.0,60.0,62.0,60.0,0,62.0,96
2,56.0,60.0,64.0,72.0,0,64.0,96
3,56.0,60.0,72.0,37.0,0,72.0,96
4,56.0,60.0,54.0,58.0,0,54.0,96
0,40.0,28.0,43.0,13.0,1,13.0,97
1,40.0,28.0,58.0,38.0,1,38.0,97
2,40.0,28.0,34.0,27.0,0,34.0,97
3,40.0,28.0,40.0,28.0,1,28.0,97
4,40.0,28.0,41.0,18.0,1,18.0,97
0,40.0,60.0,36.0,54.0,0,36.0,98
1,40.0,60.0,28.0,71.0,0,28.0,98
2,40.0,60.0,42.0,67.0,1,67.0,98
3,40.0,60.0,52.0,62.0,0,52.0,98
4,40.0,60.0,41.0,46.0,0,41.0,98
0,40.0,70.0,49.0,74.0,1,74.0,99
1,40.0,70.0,34.0,61.0,0,34.0,99
2,40.0,70.0,45.0,68.0,0,45.0,99
3,40.0,70.0,41.0,53.0,0,41.0,99
4,40.0,70.0,34.0,63.0,0,34.0,99
0,64.0,60.0,57.0,59.0,1,59.0,100
1,64.0,60.0,52.0,65.0,1,65.0,100
2,64.0,60.0,51.0,73.0,0,51.0,100
3,64.0,60.0,67.0,63.0,0,67.0,100
4,64.0,60.0,71.0,65.0,0,71.0,100
0,64.0,60.0,61.0,68.0,0,61.0,101
1,64.0,60.0,64.0,68.0,0,64.0,101
2,64.0,60.0,79.0,53.0,1,53.0,101
3,64.0,60.0,59.0,63.0,0,59.0,101
4,64.0,60.0,54.0,57.0,1,57.0,101
0,80.0,60.0,65.0,52.0,0,65.0,102
1,80.0,60.0,90.0,74.0,1,74.0,102
2,80.0,60.0,101.0,53.0,0,101.0,102
3,80.0,60.0,71.0,70.0,0,71.0,102
4,80.0,60.0,82.0,57.0,0,82.0,102
5,80.0,60.0,81.0,48.0,1,48.0,102
6,80.0,60.0,65.0,56.0,1,56.0,102
7,80.0,60.0,95.0,57.0,0,95.0,102
8,80.0,60.0,82.0,59.0,0,82.0,102
9,80.0,60.0,92.0,67.0,1,67.0,102
0,10.0,40.0,1.0,27.0,1,27.0,103
1,10.0,40.0,5.0,46.0,0,5.0,103
2,10.0,40.0,21.0,38.0,0,21.0,103
3,10.0,40.0,10.0,33.0,0,10.0,103
4,10.0,40.0,11.0,27.0,0,11.0,103
5,10.0,40.0,14.0,45.0,1,45.0,103
6,10.0,40.0,12.0,40.0,0,12.0,103
7,10.0,40.0,20.0,39.0,0,20.0,103
8,10.0,40.0,14.0,37.0,1,37.0,103
9,10.0,40.0,-6.0,42.0,1,42.0,103
0,90.0,60.0,97.0,64.0,0,97.0,104
1,90.0,60.0,92.0,35.0,0,92.0,104
2,90.0,60.0,75.0,55.0,0,75.0,104
3,90.0,60.0,91.0,61.0,1,61.0,104
4,90.0,60.0,88.0,39.0,0,88.0,104
5,90.0,60.0,77.0,54.0,1,54.0,104
6,90.0,60.0,94.0,60.0,0,94.0,104
7,90.0,60.0,80.0,67.0,1,67.0,104
8,90.0,60.0,91.0,73.0,1,73.0,104
9,90.0,60.0,85.0,56.0,1,56.0,104
0,40.0,44.0,33.0,38.0,1,38.0,105
1,40.0,44.0,49.0,63.0,1,63.0,105
2,40.0,44.0,42.0,55.0,0,42.0,105
3,40.0,44.0,36.0,35.0,1,35.0,105
4,40.0,44.0,33.0,52.0,1,52.0,105
0,44.0,40.0,37.0,37.0,1,37.0,106
1,44.0,40.0,43.0,30.0,0,43.0,106
2,44.0,40.0,43.0,33.0,0,43.0,106
3,44.0,40.0,52.0,56.0,1,56.0,106
4,44.0,40.0,40.0,40.0,0,40.0,106
5,44.0,40.0,41.0,28.0,0,41.0,106
6,44.0,40.0,38.0,47.0,0,38.0,106
7,44.0,40.0,49.0,40.0,0,49.0,106
8,44.0,40.0,48.0,34.0,0,48.0,106
9,44.0,40.0,57.0,46.0,1,46.0,106
0,40.0,60.0,43.0,55.0,1,55.0,107
1,40.0,60.0,40.0,54.0,1,54.0,107
2,40.0,60.0,39.0,60.0,1,60.0,107
3,40.0,60.0,35.0,73.0,0,35.0,107
4,40.0,60.0,45.0,59.0,0,45.0,107
5,40.0,60.0,38.0,75.0,0,38.0,107
6,40.0,60.0,34.0,57.0,1,57.0,107
7,40.0,60.0,42.0,48.0,1,48.0,107
8,40.0,60.0,33.0,54.0,1,54.0,107
9,40.0,60.0,41.0,59.0,1,59.0,107
0,40.0,60.0,27.0,51.0,1,51.0,108
1,40.0,60.0,57.0,68.0,0,57.0,108
2,40.0,60.0,45.0,62.0,1,62.0,108
3,40.0,60.0,25.0,57.0,1,57.0,108
4,40.0,60.0,58.0,68.0,1,68.0,108
5,40.0,60.0,38.0,55.0,0,38.0,108
6,40.0,60.0,51.0,57.0,0,51.0,108
7,40.0,60.0,56.0,57.0,0,56.0,108
8,40.0,60.0,28.0,64.0,0,28.0,108
9,40.0,60.0,44.0,63.0,0,44.0,108
0,60.0,40.0,75.0,44.0,0,75.0,109
1,60.0,40.0,62.0,31.0,1,31.0,109
2,60.0,40.0,62.0,57.0,1,57.0,109
3,60.0,40.0,52.0,41.0,0,52.0,109
4,60.0,40.0,69.0,40.0,0,69.0,109
5,60.0,40.0,49.0,36.0,1,36.0,109
6,60.0,40.0,58.0,48.0,1,48.0,109
7,60.0,40.0,46.0,35.0,1,35.0,109
8,60.0,40.0,57.0,42.0,1,42.0,109
9,60.0,40.0,62.0,36.0,1,36.0,109
0,40.0,28.0,33.0,22.0,1,22.0,110
1,40.0,28.0,36.0,35.0,1,35.0,110
2,40.0,28.0,45.0,29.0,0,45.0,110
3,40.0,28.0,48.0,29.0,0,48.0,110
4,40.0,28.0,32.0,10.0,0,32.0,110
5,40.0,28.0,48.0,42.0,0,48.0,110
6,40.0,28.0,45.0,22.0,1,22.0,110
7,40.0,28.0,53.0,32.0,1,32.0,110
8,40.0,28.0,24.0,26.0,1,26.0,110
9,40.0,28.0,33.0,10.0,1,10.0,110
0,40.0,52.0,36.0,46.0,0,36.0,111
1,40.0,52.0,39.0,62.0,0,39.0,111
2,40.0,52.0,37.0,53.0,1,53.0,111
3,40.0,52.0,29.0,39.0,0,29.0,111
4,40.0,52.0,37.0,38.0,0,37.0,111
5,40.0,52.0,46.0,52.0,1,52.0,111
6,40.0,52.0,34.0,51.0,0,34.0,111
7,40.0,52.0,43.0,54.0,0,43.0,111
8,40.0,52.0,37.0,58.0,0,37.0,111
9,40.0,52.0,35.0,47.0,1,47.0,111
0,80.0,60.0,84.0,60.0,1,60.0,112
1,80.0,60.0,76.0,58.0,0,76.0,112
2,80.0,60.0,81.0,56.0,0,81.0,112
3,80.0,60.0,79.0,59.0,1,59.0,112
4,80.0,60.0,83.0,72.0,0,83.0,112
5,80.0,60.0,86.0,58.0,1,58.0,112
6,80.0,60.0,71.0,64.0,1,64.0,112
7,80.0,60.0,87.0,53.0,0,87.0,112
8,80.0,60.0,80.0,56.0,0,80.0,112
9,80.0,60.0,75.0,46.0,1,46.0,112
0,40.0,70.0,38.0,67.0,0,38.0,113
1,40.0,70.0,49.0,61.0,1,61.0,113
2,40.0,70.0,43.0,61.0,0,43.0,113
3,40.0,70.0,38.0,67.0,1,67.0,113
4,40.0,70.0,39.0,82.0,0,39.0,113
0,40.0,36.0,43.0,45.0,1,45.0,114
1,40.0,36.0,47.0,43.0,1,43.0,114
2,40.0,36.0,50.0,35.0,1,35.0,114
3,40.0,36.0,51.0,29.0,0,51.0,114
4,40.0,36.0,38.0,32.0,0,38.0,114
0,60.0,48.0,64.0,41.0,0,64.0,115
1,60.0,48.0,68.0,47.0,1,47.0,115
2,60.0,48.0,55.0,48.0,1,48.0,115
3,60.0,48.0,62.0,39.0,1,39.0,115
4,60.0,48.0,51.0,35.0,1,35.0,115
5,60.0,48.0,64.0,47.0,0,64.0,115
6,60.0,48.0,55.0,61.0,1,61.0,115
7,60.0,48.0,58.0,46.0,1,46.0,115
8,60.0,48.0,69.0,40.0,0,69.0,115
9,60.0,48.0,71.0,36.0,0,71.0,115
0,48.0,60.0,57.0,65.0,0,57.0,116
1,48.0,60.0,31.0,67.0,1,67.0,116
2,48.0,60.0,38.0,59.0,0,38.0,116
3,48.0,60.0,42.0,61.0,1,61.0,116
4,48.0,60.0,44.0,50.0,0,44.0,116
5,48.0,60.0,45.0,63.0,0,45.0,116
6,48.0,60.0,56.0,54.0,0,56.0,116
7,48.0,60.0,52.0,59.0,1,59.0,116
8,48.0,60.0,42.0,62.0,0,42.0,116
9,48.0,60.0,34.0,59.0,0,34.0,116
0,60.0,90.0,65.0,74.0,1,74.0,117
1,60.0,90.0,65.0,87.0,0,65.0,117
2,60.0,90.0,68.0,104.0,0,68.0,117
3,60.0,90.0,55.0,71.0,1,71.0,117
4,60.0,90.0,46.0,85.0,1,85.0,117
0,40.0,60.0,37.0,53.0,0,37.0,118
1,40.0,60.0,54.0,67.0,1,67.0,118
2,40.0,60.0,31.0,64.0,1,64.0,118
3,40.0,60.0,34.0,57.0,0,34.0,118
4,40.0,60.0,50.0,65.0,1,65.0,118
0,40.0,60.0,29.0,60.0,1,60.0,119
1,40.0,60.0,45.0,53.0,0,45.0,119
2,40.0,60.0,26.0,49.0,1,49.0,119
3,40.0,60.0,45.0,67.0,1,67.0,119
4,40.0,60.0,35.0,50.0,1,50.0,119
0,80.0,60.0,78.0,48.0,1,48.0,120
1,80.0,60.0,83.0,55.0,1,55.0,120
2,80.0,60.0,76.0,60.0,1,60.0,120
3,80.0,60.0,99.0,51.0,0,99.0,120
4,80.0,60.0,85.0,47.0,1,47.0,120
0,72.0,60.0,77.0,54.0,0,77.0,121
1,72.0,60.0,67.0,67.0,0,67.0,121
2,72.0,60.0,70.0,64.0,0,70.0,121
3,72.0,60.0,83.0,55.0,1,55.0,121
4,72.0,60.0,79.0,83.0,1,83.0,121
0,10.0,40.0,17.0,40.0,1,40.0,122
1,10.0,40.0,9.0,33.0,1,33.0,122
2,10.0,40.0,14.0,41.0,0,14.0,122
3,10.0,40.0,8.0,43.0,0,8.0,122
4,10.0,40.0,14.0,41.0,1,41.0,122
0,40.0,36.0,19.0,32.0,0,19.0,123
1,40.0,36.0,31.0,43.0,1,43.0,123
2,40.0,36.0,46.0,33.0,1,33.0,123
3,40.0,36.0,43.0,44.0,0,43.0,123
4,40.0,36.0,40.0,31.0,1,31.0,123
5,40.0,36.0,49.0,45.0,1,45.0,123
6,40.0,36.0,44.0,41.0,1,41.0,123
7,40.0,36.0,36.0,50.0,0,36.0,123
8,40.0,36.0,34.0,47.0,0,34.0,123
9,40.0,36.0,36.0,22.0,0,36.0,123
0,48.0,60.0,34.0,61.0,0,34.0,124
1,48.0,60.0,47.0,57.0,1,57.0,124
2,48.0,60.0,43.0,56.0,1,56.0,124
3,48.0,60.0,42.0,59.0,1,59.0,124
4,48.0,60.0,28.0,65.0,0,28.0,124
0,60.0,52.0,65.0,47.0,0,65.0,125
1,60.0,52.0,50.0,51.0,0,50.0,125
2,60.0,52.0,54.0,60.0,1,60.0,125
3,60.0,52.0,61.0,49.0,1,49.0,125
4,60.0,52.0,74.0,47.0,0,74.0,125
5,60.0,52.0,57.0,50.0,0,57.0,125
6,60.0,52.0,68.0,69.0,0,68.0,125
7,60.0,52.0,53.0,52.0,1,52.0,125
8,60.0,52.0,64.0,57.0,1,57.0,125
9,60.0,52.0,60.0,39.0,0,60.0,125
0,20.0,40.0,29.0,31.0,1,31.0,126
1,20.0,40.0,36.0,41.0,1,41.0,126
2,20.0,40.0,21.0,42.0,0,21.0,126
3,20.0,40.0,7.0,51.0,0,7.0,126
4,20.0,40.0,23.0,35.0,0,23.0,126
5,20.0,40.0,25.0,46.0,1,46.0,126
6,20.0,40.0,17.0,34.0,1,34.0,126
7,20.0,40.0,25.0,26.0,0,25.0,126
8,20.0,40.0,37.0,39.0,1,39.0,126
9,20.0,40.0,15.0,46.0,1,46.0,126
0,40.0,36.0,44.0,41.0,0,44.0,127
1,40.0,36.0,44.0,25.0,1,25.0,127
2,40.0,36.0,47.0,29.0,1,29.0,127
3,40.0,36.0,35.0,31.0,0,35.0,127
4,40.0,36.0,44.0,35.0,0,44.0,127
0,68.0,60.0,78.0,60.0,1,60.0,128
1,68.0,60.0,80.0,57.0,1,57.0,128
2,68.0,60.0,77.0,71.0,0,77.0,128
3,68.0,60.0,62.0,48.0,0,62.0,128
4,68.0,60.0,75.0,73.0,1,73.0,128
5,68.0,60.0,76.0,59.0,0,76.0,128
6,68.0,60.0,66.0,58.0,0,66.0,128
7,68.0,60.0,70.0,52.0,0,70.0,128
8,68.0,60.0,61.0,54.0,1,54.0,128
9,68.0,60.0,71.0,59.0,0,71.0,128
0,32.0,40.0,38.0,38.0,0,38.0,129
1,32.0,40.0,30.0,48.0,0,30.0,129
2,32.0,40.0,30.0,33.0,1,33.0,129
3,32.0,40.0,24.0,30.0,0,24.0,129
4,32.0,40.0,36.0,51.0,0,36.0,129
5,32.0,40.0,39.0,36.0,1,36.0,129
6,32.0,40.0,32.0,37.0,1,37.0,129
7,32.0,40.0,48.0,38.0,0,48.0,129
8,32.0,40.0,22.0,42.0,1,42.0,129
9,32.0,40.0,23.0,52.0,0,23.0,129
0,40.0,60.0,39.0,55.0,0,39.0,130
1,40.0,60.0,33.0,69.0,1,69.0,130
2,40.0,60.0,24.0,63.0,1,63.0,130
3,40.0,60.0,39.0,59.0,0,39.0,130
4,40.0,60.0,37.0,42.0,0,37.0,130
0,44.0,40.0,30.0,48.0,1,48.0,131
1,44.0,40.0,36.0,41.0,1,41.0,131
2,44.0,40.0,59.0,25.0,0,59.0,131
3,44.0,40.0,51.0,54.0,0,51.0,131
4,44.0,40.0,41.0,39.0,0,41.0,131
0,40.0,28.0,34.0,30.0,0,34.0,132
1,40.0,28.0,23.0,21.0,1,21.0,132
2,40.0,28.0,36.0,17.0,0,36.0,132
3,40.0,28.0,40.0,22.0,0,40.0,132
4,40.0,28.0,39.0,33.0,1,33.0,132
0,60.0,56.0,67.0,72.0,0,67.0,133
1,60.0,56.0,54.0,63.0,0,54.0,133
2,60.0,56.0,63.0,53.0,1,53.0,133
3,60.0,56.0,42.0,64.0,0,42.0,133
4,60.0,56.0,57.0,56.0,1,56.0,133
0,40.0,32.0,43.0,41.0,1,41.0,134
1,40.0,32.0,41.0,38.0,1,38.0,134
2,40.0,32.0,41.0,45.0,1,45.0,134
3,40.0,32.0,45.0,32.0,0,45.0,134
4,40.0,32.0,39.0,35.0,0,39.0,134
5,40.0,32.0,34.0,21.0,0,34.0,134
6,40.0,32.0,31.0,33.0,1,33.0,134
7,40.0,32.0,37.0,39.0,0,37.0,134
8,40.0,32.0,46.0,32.0,0,46.0,134
9,40.0,32.0,47.0,23.0,0,47.0,134
0,68.0,60.0,76.0,67.0,1,67.0,135
1,68.0,60.0,71.0,56.0,1,56.0,135
2,68.0,60.0,72.0,68.0,0,72.0,135
3,68.0,60.0,67.0,56.0,1,56.0,135
4,68.0,60.0,69.0,47.0,1,47.0,135
5,68.0,60.0,72.0,59.0,0,72.0,135
6,68.0,60.0,67.0,60.0,0,67.0,135
7,68.0,60.0,78.0,55.0,0,78.0,135
8,68.0,60.0,63.0,61.0,0,63.0,135
9,68.0,60.0,73.0,59.0,0,73.0,135
0,40.0,20.0,38.0,19.0,0,38.0,136
1,40.0,20.0,49.0,1.0,0,49.0,136
2,40.0,20.0,41.0,24.0,1,24.0,136
3,40.0,20.0,33.0,13.0,0,33.0,136
4,40.0,20.0,46.0,21.0,1,21.0,136
5,40.0,20.0,44.0,26.0,1,26.0,136
6,40.0,20.0,30.0,21.0,1,21.0,136
7,40.0,20.0,46.0,20.0,1,20.0,136
8,40.0,20.0,33.0,10.0,0,33.0,136
9,40.0,20.0,41.0,26.0,1,26.0,136
0,40.0,20.0,37.0,25.0,0,37.0,137
1,40.0,20.0,37.0,-1.0,1,-1.0,137
2,40.0,20.0,46.0,22.0,1,22.0,137
3,40.0,20.0,34.0,21.0,1,21.0,137
4,40.0,20.0,38.0,31.0,1,31.0,137
5,40.0,20.0,31.0,22.0,0,31.0,137
6,40.0,20.0,50.0,24.0,1,24.0,137
7,40.0,20.0,29.0,9.0,0,29.0,137
8,40.0,20.0,47.0,27.0,0,47.0,137
9,40.0,20.0,26.0,22.0,0,26.0,137
0,60.0,30.0,53.0,33.0,1,33.0,138
1,60.0,30.0,74.0,46.0,0,74.0,138
2,60.0,30.0,41.0,34.0,1,34.0,138
3,60.0,30.0,50.0,29.0,0,50.0,138
4,60.0,30.0,72.0,27.0,0,72.0,138
5,60.0,30.0,48.0,37.0,0,48.0,138
6,60.0,30.0,54.0,39.0,0,54.0,138
7,60.0,30.0,56.0,30.0,1,30.0,138
8,60.0,30.0,69.0,22.0,1,22.0,138
9,60.0,30.0,77.0,35.0,1,35.0,138
0,60.0,68.0,58.0,76.0,1,76.0,139
1,60.0,68.0,46.0,66.0,0,46.0,139
2,60.0,68.0,50.0,71.0,0,50.0,139
3,60.0,68.0,72.0,58.0,0,72.0,139
4,60.0,68.0,63.0,78.0,0,63.0,139
5,60.0,68.0,69.0,75.0,1,75.0,139
6,60.0,68.0,53.0,75.0,0,53.0,139
7,60.0,68.0,68.0,60.0,0,68.0,139
8,60.0,68.0,51.0,63.0,0,51.0,139
9,60.0,68.0,70.0,70.0,0,70.0,139
0,64.0,60.0,59.0,72.0,0,59.0,140
1,64.0,60.0,77.0,66.0,0,77.0,140
2,64.0,60.0,57.0,69.0,1,69.0,140
3,64.0,60.0,71.0,61.0,0,71.0,140
4,64.0,60.0,73.0,75.0,1,75.0,140
0,40.0,48.0,47.0,42.0,0,47.0,141
1,40.0,48.0,43.0,29.0,1,29.0,141
2,40.0,48.0,35.0,42.0,1,42.0,141
3,40.0,48.0,40.0,45.0,0,40.0,141
4,40.0,48.0,36.0,45.0,0,36.0,141
5,40.0,48.0,30.0,45.0,1,45.0,141
6,40.0,48.0,42.0,45.0,0,42.0,141
7,40.0,48.0,46.0,46.0,0,46.0,141
8,40.0,48.0,41.0,42.0,0,41.0,141
9,40.0,48.0,23.0,62.0,0,23.0,141
0,40.0,28.0,31.0,25.0,1,25.0,142
1,40.0,28.0,46.0,38.0,1,38.0,142
2,40.0,28.0,41.0,27.0,1,27.0,142
3,40.0,28.0,40.0,15.0,0,40.0,142
4,40.0,28.0,23.0,30.0,0,23.0,142
0,60.0,30.0,60.0,21.0,1,21.0,143
1,60.0,30.0,46.0,29.0,0,46.0,143
2,60.0,30.0,61.0,24.0,1,24.0,143
3,60.0,30.0,53.0,43.0,0,53.0,143
4,60.0,30.0,58.0,20.0,0,58.0,143
5,60.0,30.0,52.0,38.0,1,38.0,143
6,60.0,30.0,49.0,41.0,0,49.0,143
7,60.0,30.0,68.0,29.0,0,68.0,143
8,60.0,30.0,56.0,23.0,1,23.0,143
9,60.0,30.0,55.0,34.0,1,34.0,143
0,60.0,56.0,62.0,65.0,1,65.0,144
1,60.0,56.0,65.0,54.0,0,65.0,144
2,60.0,56.0,71.0,57.0,1,57.0,144
3,60.0,56.0,59.0,47.0,1,47.0,144
4,60.0,56.0,70.0,49.0,0,70.0,144
5,60.0,56.0,75.0,61.0,0,75.0,144
6,60.0,56.0,67.0,54.0,1,54.0,144
7,60.0,56.0,57.0,55.0,0,57.0,144
8,60.0,56.0,58.0,67.0,1,67.0,144
9,60.0,56.0,59.0,62.0,0,59.0,144
0,90.0,60.0,84.0,59.0,1,59.0,145
1,90.0,60.0,83.0,60.0,1,60.0,145
2,90.0,60.0,92.0,50.0,0,92.0,145
3,90.0,60.0,76.0,50.0,1,50.0,145
4,90.0,60.0,86.0,67.0,1,67.0,145
0,68.0,60.0,63.0,53.0,1,53.0,146
1,68.0,60.0,79.0,72.0,0,79.0,146
2,68.0,60.0,66.0,71.0,1,71.0,146
3,68.0,60.0,52.0,59.0,0,52.0,146
4,68.0,60.0,72.0,65.0,0,72.0,146
5,68.0,60.0,63.0,67.0,1,67.0,146
6,68.0,60.0,65.0,50.0,0,65.0,146
7,68.0,60.0,71.0,50.0,0,71.0,146
8,68.0,60.0,70.0,74.0,0,70.0,146
9,68.0,60.0,69.0,63.0,0,69.0,146
0,60.0,40.0,59.0,39.0,0,59.0,147
1,60.0,40.0,61.0,41.0,0,61.0,147
2,60.0,40.0,62.0,35.0,1,35.0,147
3,60.0,40.0,62.0,40.0,1,40.0,147
4,60.0,40.0,66.0,46.0,1,46.0,147
0,10.0,40.0,4.0,53.0,1,53.0,148
1,10.0,40.0,5.0,42.0,0,5.0,148
2,10.0,40.0,15.0,41.0,1,41.0,148
3,10.0,40.0,9.0,52.0,0,9.0,148
4,10.0,40.0,7.0,40.0,1,40.0,148
0,40.0,52.0,45.0,54.0,0,45.0,149
1,40.0,52.0,30.0,60.0,0,30.0,149
2,40.0,52.0,34.0,33.0,0,34.0,149
3,40.0,52.0,40.0,47.0,1,47.0,149
4,40.0,52.0,29.0,54.0,1,54.0,149
5,40.0,52.0,38.0,60.0,0,38.0,149
6,40.0,52.0,25.0,53.0,1,53.0,149
7,40.0,52.0,39.0,52.0,0,39.0,149
8,40.0,52.0,43.0,48.0,1,48.0,149
9,40.0,52.0,38.0,56.0,0,38.0,149
0,60.0,80.0,65.0,88.0,1,88.0,150
1,60.0,80.0,40.0,94.0,1,94.0,150
2,60.0,80.0,63.0,74.0,1,74.0,150
3,60.0,80.0,64.0,84.0,0,64.0,150
4,60.0,80.0,61.0,70.0,1,70.0,150
0,60.0,40.0,61.0,37.0,1,37.0,151
1,60.0,40.0,65.0,29.0,0,65.0,151
2,60.0,40.0,59.0,48.0,1,48.0,151
3,60.0,40.0,63.0,51.0,0,63.0,151
4,60.0,40.0,69.0,46.0,0,69.0,151
5,60.0,40.0,59.0,43.0,0,59.0,151
6,60.0,40.0,50.0,32.0,0,50.0,151
7,60.0,40.0,62.0,36.0,1,36.0,151
8,60.0,40.0,58.0,42.0,1,42.0,151
9,60.0,40.0,61.0,31.0,0,61.0,151
0,80.0,60.0,70.0,58.0,1,58.0,152
1,80.0,60.0,71.0,66.0,1,66.0,152
2,80.0,60.0,79.0,68.0,1,68.0,152
3,80.0,60.0,72.0,78.0,0,72.0,152
4,80.0,60.0,91.0,61.0,0,91.0,152
0,56.0,60.0,57.0,73.0,1,73.0,153
1,56.0,60.0,50.0,69.0,0,50.0,153
2,56.0,60.0,57.0,62.0,1,62.0,153
3,56.0,60.0,48.0,75.0,1,75.0,153
4,56.0,60.0,61.0,73.0,0,61.0,153
0,40.0,70.0,32.0,69.0,1,69.0,154
1,40.0,70.0,26.0,80.0,0,26.0,154
2,40.0,70.0,30.0,70.0,0,30.0,154
3,40.0,70.0,40.0,77.0,1,77.0,154
4,40.0,70.0,59.0,69.0,1,69.0,154
5,40.0,70.0,48.0,80.0,1,80.0,154
6,40.0,70.0,52.0,79.0,0,52.0,154
7,40.0,70.0,29.0,67.0,1,67.0,154
8,40.0,70.0,48.0,63.0,0,48.0,154
9,40.0,70.0,37.0,73.0,1,73.0,154
0,60.0,64.0,66.0,58.0,1,58.0,155
1,60.0,64.0,52.0,48.0,1,48.0,155
2,60.0,64.0,55.0,60.0,0,55.0,155
3,60.0,64.0,65.0,54.0,0,65.0,155
4,60.0,64.0,65.0,58.0,1,58.0,155
5,60.0,64.0,45.0,76.0,0,45.0,155
6,60.0,64.0,51.0,71.0,0,51.0,155
7,60.0,64.0,47.0,65.0,1,65.0,155
8,60.0,64.0,57.0,66.0,1,66.0,155
9,60.0,64.0,69.0,46.0,0,69.0,155
0,60.0,30.0,58.0,22.0,0,58.0,156
1,60.0,30.0,58.0,25.0,0,58.0,156
2,60.0,30.0,60.0,49.0,0,60.0,156
3,60.0,30.0,72.0,33.0,1,33.0,156
4,60.0,30.0,60.0,25.0,1,25.0,156
0,90.0,60.0,95.0,53.0,1,53.0,157
1,90.0,60.0,82.0,56.0,0,82.0,157
2,90.0,60.0,93.0,66.0,0,93.0,157
3,90.0,60.0,84.0,79.0,1,79.0,157
4,90.0,60.0,92.0,45.0,1,45.0,157
5,90.0,60.0,83.0,54.0,1,54.0,157
6,90.0,60.0,78.0,64.0,0,78.0,157
7,90.0,60.0,91.0,67.0,0,91.0,157
8,90.0,60.0,98.0,59.0,1,59.0,157
9,90.0,60.0,85.0,74.0,0,85.0,157
0,56.0,60.0,52.0,54.0,0,52.0,158
1,56.0,60.0,48.0,76.0,0,48.0,158
2,56.0,60.0,78.0,57.0,1,57.0,158
3,56.0,60.0,66.0,54.0,1,54.0,158
4,56.0,60.0,63.0,75.0,0,63.0,158
5,56.0,60.0,52.0,62.0,1,62.0,158
6,56.0,60.0,56.0,57.0,0,56.0,158
7,56.0,60.0,52.0,50.0,1,50.0,158
8,56.0,60.0,62.0,58.0,0,62.0,158
9,56.0,60.0,70.0,58.0,0,70.0,158
0,40.0,48.0,38.0,49.0,0,38.0,159
1,40.0,48.0,30.0,51.0,0,30.0,159
2,40.0,48.0,43.0,62.0,0,43.0,159
3,40.0,48.0,42.0,49.0,1,49.0,159
4,40.0,48.0,33.0,45.0,1,45.0,159
0,40.0,20.0,46.0,29.0,0,46.0,160
1,40.0,20.0,51.0,25.0,0,51.0,160
2,40.0,20.0,33.0,16.0,0,33.0,160
3,40.0,20.0,46.0,32.0,1,32.0,160
4,40.0,20.0,37.0,28.0,1,28.0,160
5,40.0,20.0,34.0,8.0,0,34.0,160
6,40.0,20.0,46.0,32.0,1,32.0,160
7,40.0,20.0,29.0,28.0,1,28.0,160
8,40.0,20.0,39.0,22.0,0,39.0,160
9,40.0,20.0,34.0,26.0,1,26.0,160
0,40.0,28.0,32.0,28.0,0,32.0,161
1,40.0,28.0,41.0,27.0,1,27.0,161
2,40.0,28.0,36.0,42.0,1,42.0,161
3,40.0,28.0,22.0,33.0,1,33.0,161
4,40.0,28.0,53.0,32.0,1,32.0,161
0,60.0,90.0,61.0,85.0,1,85.0,162
1,60.0,90.0,54.0,106.0,0,54.0,162
2,60.0,90.0,56.0,75.0,1,75.0,162
3,60.0,90.0,60.0,105.0,1,105.0,162
4,60.0,90.0,61.0,93.0,1,93.0,162
5,60.0,90.0,61.0,84.0,0,61.0,162
6,60.0,90.0,58.0,83.0,1,83.0,162
7,60.0,90.0,65.0,94.0,0,65.0,162
8,60.0,90.0,63.0,88.0,0,63.0,162
9,60.0,90.0,44.0,89.0,0,44.0,162
0,48.0,40.0,45.0,46.0,1,46.0,163
1,48.0,40.0,54.0,38.0,0,54.0,163
2,48.0,40.0,36.0,35.0,0,36.0,163
3,48.0,40.0,51.0,40.0,1,40.0,163
4,48.0,40.0,48.0,34.0,0,48.0,163
5,48.0,40.0,47.0,37.0,0,47.0,163
6,48.0,40.0,53.0,31.0,0,53.0,163
7,48.0,40.0,48.0,46.0,1,46.0,163
8,48.0,40.0,43.0,30.0,0,43.0,163
9,48.0,40.0,43.0,44.0,0,43.0,163
0,28.0,40.0,22.0,30.0,1,30.0,164
1,28.0,40.0,33.0,48.0,0,33.0,164
2,28.0,40.0,28.0,36.0,1,36.0,164
3,28.0,40.0,20.0,40.0,1,40.0,164
4,28.0,40.0,44.0,35.0,0,44.0,164
5,28.0,40.0,20.0,38.0,0,20.0,164
6,28.0,40.0,23.0,25.0,0,23.0,164
7,28.0,40.0,31.0,31.0,1,31.0,164
8,28.0,40.0,8.0,40.0,0,8.0,164
9,28.0,40.0,40.0,37.0,0,40.0,164
0,60.0,68.0,49.0,81.0,0,49.0,165
1,60.0,68.0,63.0,72.0,0,63.0,165
2,60.0,68.0,60.0,73.0,1,73.0,165
3,60.0,68.0,70.0,63.0,1,63.0,165
4,60.0,68.0,68.0,60.0,0,68.0,165
0,36.0,40.0,33.0,32.0,0,33.0,166
1,36.0,40.0,47.0,35.0,0,47.0,166
2,36.0,40.0,36.0,31.0,0,36.0,166
3,36.0,40.0,26.0,41.0,1,41.0,166
4,36.0,40.0,34.0,34.0,1,34.0,166
5,36.0,40.0,36.0,30.0,1,30.0,166
6,36.0,40.0,37.0,45.0,0,37.0,166
7,36.0,40.0,34.0,43.0,1,43.0,166
8,36.0,40.0,26.0,39.0,0,26.0,166
9,36.0,40.0,25.0,45.0,0,25.0,166
0,40.0,10.0,41.0,-5.0,1,-5.0,167
1,40.0,10.0,42.0,18.0,0,42.0,167
2,40.0,10.0,35.0,23.0,0,35.0,167
3,40.0,10.0,30.0,4.0,1,4.0,167
4,40.0,10.0,43.0,6.0,1,6.0,167
0,60.0,80.0,67.0,72.0,0,67.0,168
1,60.0,80.0,52.0,90.0,1,90.0,168
2,60.0,80.0,55.0,83.0,0,55.0,168
3,60.0,80.0,63.0,79.0,0,63.0,168
4,60.0,80.0,68.0,74.0,1,74.0,168
0,60.0,90.0,73.0,70.0,1,70.0,169
1,60.0,90.0,66.0,80.0,0,66.0,169
2,60.0,90.0,57.0,89.0,1,89.0,169
3,60.0,90.0,59.0,97.0,0,59.0,169
4,60.0,90.0,57.0,83.0,1,83.0,169
5,60.0,90.0,68.0,101.0,1,101.0,169
6,60.0,90.0,60.0,92.0,1,92.0,169
7,60.0,90.0,57.0,82.0,1,82.0,169
8,60.0,90.0,56.0,100.0,0,56.0,169
9,60.0,90.0,48.0,96.0,1,96.0,169
0,48.0,40.0,34.0,38.0,1,38.0,170
1,48.0,40.0,55.0,33.0,1,33.0,170
2,48.0,40.0,59.0,30.0,0,59.0,170
3,48.0,40.0,49.0,58.0,1,58.0,170
4,48.0,40.0,41.0,62.0,1,62.0,170
5,48.0,40.0,51.0,30.0,0,51.0,170
6,48.0,40.0,53.0,43.0,0,53.0,170
7,48.0,40.0,46.0,41.0,0,46.0,170
8,48.0,40.0,39.0,48.0,1,48.0,170
9,48.0,40.0,48.0,43.0,1,43.0,170
0,40.0,44.0,50.0,38.0,1,38.0,171
1,40.0,44.0,35.0,47.0,0,35.0,171
2,40.0,44.0,47.0,34.0,1,34.0,171
3,40.0,44.0,36.0,39.0,0,36.0,171
4,40.0,44.0,51.0,41.0,0,51.0,171
5,40.0,44.0,32.0,62.0,0,32.0,171
6,40.0,44.0,26.0,46.0,1,46.0,171
7,40.0,44.0,45.0,51.0,0,45.0,171
8,40.0,44.0,50.0,36.0,1,36.0,171
9,40.0,44.0,36.0,38.0,0,36.0,171
0,28.0,40.0,25.0,35.0,0,25.0,172
1,28.0,40.0,40.0,52.0,0,40.0,172
2,28.0,40.0,22.0,42.0,0,22.0,172
3,28.0,40.0,41.0,37.0,1,37.0,172
4,28.0,40.0,38.0,36.0,0,38.0,172
0,40.0,70.0,43.0,72.0,1,72.0,173
1,40.0,70.0,38.0,63.0,0,38.0,173
2,40.0,70.0,47.0,75.0,1,75.0,173
3,40.0,70.0,53.0,67.0,1,67.0,173
4,40.0,70.0,54.0,70.0,0,54.0,173
0,36.0,40.0,34.0,42.0,1,42.0,174
1,36.0,40.0,41.0,33.0,0,41.0,174
2,36.0,40.0,42.0,41.0,0,42.0,174
3,36.0,40.0,36.0,39.0,0,36.0,174
4,36.0,40.0,36.0,45.0,1,45.0,174
0,40.0,28.0,40.0,36.0,1,36.0,175
1,40.0,28.0,58.0,19.0,1,19.0,175
2,40.0,28.0,28.0,29.0,0,28.0,175
3,40.0,28.0,41.0,23.0,0,41.0,175
4,40.0,28.0,28.0,31.0,1,31.0,175
5,40.0,28.0,34.0,33.0,0,34.0,175
6,40.0,28.0,36.0,36.0,0,36.0,175
7,40.0,28.0,42.0,38.0,0,42.0,175
8,40.0,28.0,32.0,28.0,1,28.0,175
9,40.0,28.0,43.0,41.0,0,43.0,175
0,40.0,20.0,48.0,20.0,1,20.0,176
1,40.0,20.0,41.0,19.0,1,19.0,176
2,40.0,20.0,41.0,21.0,1,21.0,176
3,40.0,20.0,27.0,16.0,0,27.0,176
4,40.0,20.0,42.0,20.0,0,42.0,176
5,40.0,20.0,47.0,9.0,0,47.0,176
6,40.0,20.0,34.0,19.0,1,19.0,176
7,40.0,20.0,41.0,31.0,1,31.0,176
8,40.0,20.0,40.0,24.0,1,24.0,176
9,40.0,20.0,41.0,19.0,0,41.0,176
0,80.0,60.0,80.0,60.0,0,80.0,177
1,80.0,60.0,81.0,50.0,1,50.0,177
2,80.0,60.0,87.0,62.0,0,87.0,177
3,80.0,60.0,79.0,61.0,0,79.0,177
4,80.0,60.0,86.0,52.0,0,86.0,177
5,80.0,60.0,91.0,54.0,1,54.0,177
6,80.0,60.0,83.0,77.0,1,77.0,177
7,80.0,60.0,80.0,58.0,1,58.0,177
8,80.0,60.0,87.0,60.0,1,60.0,177
9,80.0,60.0,79.0,50.0,0,79.0,177
0,60.0,68.0,72.0,63.0,0,72.0,178
1,60.0,68.0,52.0,66.0,1,66.0,178
2,60.0,68.0,61.0,60.0,1,60.0,178
3,60.0,68.0,48.0,61.0,0,48.0,178
4,60.0,68.0,63.0,68.0,0,63.0,178
0,52.0,60.0,50.0,52.0,1,52.0,179
1,52.0,60.0,60.0,78.0,0,60.0,179
2,52.0,60.0,56.0,70.0,0,56.0,179
3,52.0,60.0,48.0,63.0,0,48.0,179
4,52.0,60.0,44.0,62.0,0,44.0,179
0,40.0,36.0,31.0,38.0,1,38.0,180
1,40.0,36.0,48.0,56.0,1,56.0,180
2,40.0,36.0,35.0,45.0,1,45.0,180
3,40.0,36.0,26.0,55.0,0,26.0,180
4,40.0,36.0,41.0,46.0,1,46.0,180
5,40.0,36.0,38.0,30.0,1,30.0,180
6,40.0,36.0,56.0,44.0,1,44.0,180
7,40.0,36.0,37.0,40.0,1,40.0,180
8,40.0,36.0,45.0,23.0,1,23.0,180
9,40.0,36.0,33.0,20.0,1,20.0,180
0,60.0,48.0,59.0,53.0,1,53.0,181
1,60.0,48.0,60.0,47.0,0,60.0,181
2,60.0,48.0,62.0,47.0,1,47.0,181
3,60.0,48.0,45.0,52.0,1,52.0,181
4,60.0,48.0,67.0,41.0,1,41.0,181
5,60.0,48.0,48.0,64.0,0,48.0,181
6,60.0,48.0,51.0,65.0,1,65.0,181
7,60.0,48.0,59.0,34.0,0,59.0,181
8,60.0,48.0,46.0,53.0,0,46.0,181
9,60.0,48.0,58.0,42.0,0,58.0,181
0,32.0,40.0,40.0,42.0,0,40.0,182
1,32.0,40.0,35.0,41.0,0,35.0,182
2,32.0,40.0,12.0,39.0,1,39.0,182
3,32.0,40.0,46.0,37.0,1,37.0,182
4,32.0,40.0,40.0,47.0,0,40.0,182
0,52.0,40.0,51.0,44.0,0,51.0,183
1,52.0,40.0,53.0,39.0,0,53.0,183
2,52.0,40.0,53.0,45.0,1,45.0,183
3,52.0,40.0,60.0,43.0,1,43.0,183
4,52.0,40.0,52.0,49.0,0,52.0,183
0,60.0,40.0,73.0,46.0,0,73.0,184
1,60.0,40.0,67.0,38.0,1,38.0,184
2,60.0,40.0,70.0,51.0,0,70.0,184
3,60.0,40.0,68.0,31.0,0,68.0,184
4,60.0,40.0,66.0,43.0,1,43.0,184
5,60.0,40.0,69.0,43.0,1,43.0,184
6,60.0,40.0,51.0,48.0,1,48.0,184
7,60.0,40.0,55.0,29.0,0,55.0,184
8,60.0,40.0,57.0,35.0,0,57.0,184
9,60.0,40.0,57.0,43.0,0,57.0,184
0,60.0,68.0,65.0,69.0,1,69.0,185
1,60.0,68.0,50.0,67.0,1,67.0,185
2,60.0,68.0,59.0,75.0,1,75.0,185
3,60.0,68.0,71.0,78.0,0,71.0,185
4,60.0,68.0,52.0,75.0,1,75.0,185
0,40.0,60.0,41.0,58.0,0,41.0,186
1,40.0,60.0,37.0,60.0,1,60.0,186
2,40.0,60.0,40.0,71.0,1,71.0,186
3,40.0,60.0,44.0,67.0,1,67.0,186
4,40.0,60.0,33.0,58.0,0,33.0,186
0,40.0,70.0,34.0,65.0,1,65.0,187
1,40.0,70.0,43.0,81.0,0,43.0,187
2,40.0,70.0,36.0,55.0,0,36.0,187
3,40.0,70.0,46.0,80.0,1,80.0,187
4,40.0,70.0,31.0,57.0,1,57.0,187
0,60.0,80.0,45.0,73.0,1,73.0,188
1,60.0,80.0,73.0,80.0,0,73.0,188
2,60.0,80.0,60.0,75.0,1,75.0,188
3,60.0,80.0,52.0,85.0,1,85.0,188
4,60.0,80.0,53.0,76.0,1,76.0,188
0,60.0,30.0,58.0,16.0,0,58.0,189
1,60.0,30.0,60.0,29.0,1,29.0,189
2,60.0,30.0,81.0,36.0,1,36.0,189
3,60.0,30.0,48.0,25.0,1,25.0,189
4,60.0,30.0,70.0,35.0,1,35.0,189
0,80.0,60.0,92.0,50.0,0,92.0,190
1,80.0,60.0,84.0,55.0,1,55.0,190
2,80.0,60.0,68.0,80.0,1,80.0,190
3,80.0,60.0,77.0,61.0,0,77.0,190
4,80.0,60.0,93.0,86.0,0,93.0,190
5,80.0,60.0,100.0,52.0,0,100.0,190
6,80.0,60.0,85.0,59.0,1,59.0,190
7,80.0,60.0,88.0,51.0,0,88.0,190
8,80.0,60.0,79.0,65.0,1,65.0,190
9,80.0,60.0,83.0,63.0,1,63.0,190
0,90.0,60.0,87.0,61.0,1,61.0,191
1,90.0,60.0,80.0,63.0,1,63.0,191
2,90.0,60.0,85.0,69.0,1,69.0,191
3,90.0,60.0,100.0,68.0,0,100.0,191
4,90.0,60.0,100.0,54.0,1,54.0,191
0,40.0,60.0,38.0,48.0,1,48.0,192
1,40.0,60.0,41.0,53.0,0,41.0,192
2,40.0,60.0,39.0,61.0,0,39.0,192
3,40.0,60.0,50.0,66.0,0,50.0,192
4,40.0,60.0,37.0,78.0,1,78.0,192
5,40.0,60.0,28.0,51.0,1,51.0,192
6,40.0,60.0,44.0,59.0,0,44.0,192
7,40.0,60.0,42.0,61.0,0,42.0,192
8,40.0,60.0,45.0,55.0,0,45.0,192
9,40.0,60.0,40.0,56.0,0,40.0,192
0,60.0,56.0,58.0,70.0,0,58.0,193
1,60.0,56.0,66.0,55.0,1,55.0,193
2,60.0,56.0,59.0,59.0,1,59.0,193
3,60.0,56.0,58.0,59.0,0,58.0,193
4,60.0,56.0,69.0,60.0,0,69.0,193
0,72.0,60.0,67.0,67.0,1,67.0,194
1,72.0,60.0,88.0,57.0,0,88.0,194
2,72.0,60.0,84.0,79.0,0,84.0,194
3,72.0,60.0,75.0,48.0,0,75.0,194
4,72.0,60.0,77.0,67.0,0,77.0,194
5,72.0,60.0,70.0,49.0,1,49.0,194
6,72.0,60.0,60.0,69.0,0,60.0,194
7,72.0,60.0,56.0,66.0,1,66.0,194
8,72.0,60.0,67.0,62.0,1,62.0,194
9,72.0,60.0,65.0,55.0,1,55.0,194
0,60.0,80.0,49.0,72.0,0,49.0,195
1,60.0,80.0,52.0,68.0,1,68.0,195
2,60.0,80.0,60.0,88.0,0,60.0,195
3,60.0,80.0,40.0,89.0,0,40.0,195
4,60.0,80.0,47.0,87.0,0,47.0,195
0,40.0,60.0,30.0,59.0,0,30.0,196
1,40.0,60.0,49.0,73.0,1,73.0,196
2,40.0,60.0,42.0,49.0,1,49.0,196
3,40.0,60.0,39.0,62.0,1,62.0,196
4,40.0,60.0,45.0,70.0,1,70.0,196
0,40.0,28.0,40.0,30.0,0,40.0,197
1,40.0,28.0,50.0,29.0,1,29.0,197
2,40.0,28.0,28.0,16.0,1,16.0,197
3,40.0,28.0,19.0,20.0,0,19.0,197
4,40.0,28.0,44.0,42.0,0,44.0,197
0,40.0,36.0,45.0,45.0,0,45.0,198
1,40.0,36.0,32.0,33.0,1,33.0,198
2,40.0,36.0,46.0,40.0,0,46.0,198
3,40.0,36.0,48.0,32.0,1,32.0,198
4,40.0,36.0,35.0,23.0,1,23.0,198
5,40.0,36.0,52.0,31.0,1,31.0,198
6,40.0,36.0,40.0,33.0,0,40.0,198
7,40.0,36.0,41.0,39.0,0,41.0,198
8,40.0,36.0,37.0,41.0,1,41.0,198
9,40.0,36.0,43.0,43.0,0,43.0,198
0,60.0,40.0,62.0,34.0,0,62.0,199
1,60.0,40.0,56.0,21.0,0,56.0,199
2,60.0,40.0,48.0,45.0,1,45.0,199
3,60.0,40.0,66.0,32.0,0,66.0,199
4,60.0,40.0,53.0,40.0,1,40.0,199
0,40.0,52.0,56.0,61.0,1,61.0,200
1,40.0,52.0,34.0,60.0,1,60.0,200
2,40.0,52.0,38.0,58.0,0,38.0,200
3,40.0,52.0,40.0,41.0,0,40.0,200
4,40.0,52.0,45.0,55.0,0,45.0,200
0,40.0,20.0,40.0,23.0,1,23.0,201
1,40.0,20.0,39.0,16.0,0,39.0,201
2,40.0,20.0,23.0,27.0,0,23.0,201
3,40.0,20.0,36.0,11.0,1,11.0,201
4,40.0,20.0,21.0,18.0,0,21.0,201
0,40.0,60.0,41.0,55.0,1,55.0,202
1,40.0,60.0,32.0,57.0,0,32.0,202
2,40.0,60.0,43.0,50.0,0,43.0,202
3,40.0,60.0,36.0,53.0,1,53.0,202
4,40.0,60.0,25.0,53.0,0,25.0,202
5,40.0,60.0,21.0,76.0,0,21.0,202
6,40.0,60.0,41.0,61.0,0,41.0,202
7,40.0,60.0,24.0,61.0,1,61.0,202
8,40.0,60.0,26.0,66.0,1,66.0,202
9,40.0,60.0,62.0,60.0,0,62.0,202
0,36.0,40.0,46.0,56.0,1,56.0,203
1,36.0,40.0,32.0,45.0,0,32.0,203
2,36.0,40.0,38.0,37.0,1,37.0,203
3,36.0,40.0,32.0,36.0,0,32.0,203
4,36.0,40.0,34.0,43.0,0,34.0,203
0,28.0,40.0,33.0,53.0,1,53.0,204
1,28.0,40.0,41.0,31.0,0,41.0,204
2,28.0,40.0,33.0,41.0,1,41.0,204
3,28.0,40.0,19.0,35.0,1,35.0,204
4,28.0,40.0,24.0,45.0,0,24.0,204
5,28.0,40.0,29.0,46.0,0,29.0,204
6,28.0,40.0,21.0,37.0,0,21.0,204
7,28.0,40.0,35.0,36.0,1,36.0,204
8,28.0,40.0,27.0,40.0,1,40.0,204
9,28.0,40.0,41.0,51.0,0,41.0,204
0,44.0,40.0,48.0,32.0,0,48.0,205
1,44.0,40.0,44.0,34.0,0,44.0,205
2,44.0,40.0,32.0,54.0,1,54.0,205
3,44.0,40.0,39.0,49.0,0,39.0,205
4,44.0,40.0,38.0,33.0,0,38.0,205
5,44.0,40.0,58.0,38.0,1,38.0,205
6,44.0,40.0,55.0,37.0,1,37.0,205
7,44.0,40.0,39.0,36.0,0,39.0,205
8,44.0,40.0,31.0,52.0,1,52.0,205
9,44.0,40.0,54.0,44.0,0,54.0,205
0,52.0,60.0,49.0,66.0,1,66.0,206
1,52.0,60.0,53.0,70.0,0,53.0,206
2,52.0,60.0,72.0,47.0,0,72.0,206
3,52.0,60.0,58.0,74.0,1,74.0,206
4,52.0,60.0,59.0,63.0,0,59.0,206
5,52.0,60.0,46.0,62.0,1,62.0,206
6,52.0,60.0,57.0,62.0,1,62.0,206
7,52.0,60.0,47.0,57.0,0,47.0,206
8,52.0,60.0,57.0,48.0,0,57.0,206
9,52.0,60.0,49.0,67.0,0,49.0,206
0,40.0,70.0,45.0,69.0,0,45.0,207
1,40.0,70.0,36.0,76.0,1,76.0,207
2,40.0,70.0,53.0,80.0,0,53.0,207
3,40.0,70.0,39.0,70.0,0,39.0,207
4,40.0,70.0,44.0,73.0,0,44.0,207
0,40.0,10.0,47.0,13.0,1,13.0,208
1,40.0,10.0,55.0,3.0,0,55.0,208
2,40.0,10.0,20.0,16.0,0,20.0,208
3,40.0,10.0,38.0,16.0,1,16.0,208
4,40.0,10.0,45.0,16.0,1,16.0,208
5,40.0,10.0,39.0,12.0,1,12.0,208
6,40.0,10.0,45.0,9.0,0,45.0,208
7,40.0,10.0,44.0,16.0,0,44.0,208
8,40.0,10.0,43.0,11.0,1,11.0,208
9,40.0,10.0,53.0,13.0,1,13.0,208
0,40.0,20.0,32.0,17.0,0,32.0,209
1,40.0,20.0,26.0,27.0,1,27.0,209
2,40.0,20.0,32.0,17.0,0,32.0,209
3,40.0,20.0,42.0,26.0,1,26.0,209
4,40.0,20.0,38.0,10.0,1,10.0,209
5,40.0,20.0,37.0,35.0,0,37.0,209
6,40.0,20.0,43.0,21.0,0,43.0,209
7,40.0,20.0,46.0,13.0,0,46.0,209
8,40.0,20.0,44.0,14.0,1,14.0,209
9,40.0,20.0,45.0,29.0,1,29.0,209
0,72.0,60.0,68.0,60.0,1,60.0,210
1,72.0,60.0,82.0,65.0,0,82.0,210
2,72.0,60.0,69.0,55.0,0,69.0,210
3,72.0,60.0,75.0,53.0,1,53.0,210
4,72.0,60.0,83.0,59.0,0,83.0,210
5,72.0,60.0,77.0,47.0,0,77.0,210
6,72.0,60.0,76.0,66.0,0,76.0,210
7,72.0,60.0,81.0,67.0,0,81.0,210
8,72.0,60.0,78.0,58.0,1,58.0,210
9,72.0,60.0,71.0,72.0,1,72.0,210
0,60.0,90.0,73.0,92.0,0,73.0,211
1,60.0,90.0,59.0,90.0,0,59.0,211
2,60.0,90.0,58.0,87.0,0,58.0,211
3,60.0,90.0,65.0,108.0,1,108.0,211
4,60.0,90.0,54.0,82.0,1,82.0,211
0,44.0,40.0,35.0,50.0,0,35.0,212
1,44.0,40.0,32.0,47.0,1,47.0,212
2,44.0,40.0,49.0,47.0,0,49.0,212
3,44.0,40.0,48.0,42.0,0,48.0,212
4,44.0,40.0,49.0,29.0,1,29.0,212
0,52.0,40.0,51.0,44.0,0,51.0,213
1,52.0,40.0,54.0,44.0,0,54.0,213
2,52.0,40.0,52.0,30.0,1,30.0,213
3,52.0,40.0,44.0,44.0,1,44.0,213
4,52.0,40.0,54.0,42.0,0,54.0,213
5,52.0,40.0,53.0,37.0,1,37.0,213
6,52.0,40.0,50.0,41.0,0,50.0,213
7,52.0,40.0,45.0,40.0,1,40.0,213
8,52.0,40.0,52.0,39.0,0,52.0,213
9,52.0,40.0,64.0,45.0,0,64.0,213
0,60.0,52.0,55.0,40.0,1,40.0,214
1,60.0,52.0,59.0,48.0,0,59.0,214
2,60.0,52.0,51.0,58.0,1,58.0,214
3,60.0,52.0,58.0,46.0,1,46.0,214
4,60.0,52.0,50.0,47.0,0,50.0,214
5,60.0,52.0,67.0,39.0,0,67.0,214
6,60.0,52.0,54.0,44.0,0,54.0,214
7,60.0,52.0,49.0,52.0,0,49.0,214
8,60.0,52.0,48.0,67.0,1,67.0,214
9,60.0,52.0,53.0,42.0,0,53.0,214
0,40.0,20.0,34.0,23.0,0,34.0,215
1,40.0,20.0,48.0,26.0,1,26.0,215
2,40.0,20.0,38.0,23.0,1,23.0,215
3,40.0,20.0,41.0,19.0,1,19.0,215
4,40.0,20.0,48.0,24.0,0,48.0,215
0,40.0,44.0,28.0,52.0,1,52.0,216
1,40.0,44.0,27.0,49.0,0,27.0,216
2,40.0,44.0,44.0,55.0,0,44.0,216
3,40.0,44.0,35.0,37.0,0,35.0,216
4,40.0,44.0,34.0,33.0,0,34.0,216
5,40.0,44.0,30.0,32.0,0,30.0,216
6,40.0,44.0,45.0,36.0,0,45.0,216
7,40.0,44.0,50.0,46.0,1,46.0,216
8,40.0,44.0,44.0,49.0,1,49.0,216
9,40.0,44.0,52.0,34.0,1,34.0,216
0,60.0,56.0,61.0,50.0,1,50.0,217
1,60.0,56.0,61.0,53.0,0,61.0,217
2,60.0,56.0,60.0,38.0,1,38.0,217
3,60.0,56.0,63.0,51.0,0,63.0,217
4,60.0,56.0,53.0,64.0,0,53.0,217
0,60.0,68.0,57.0,69.0,0,57.0,218
1,60.0,68.0,51.0,79.0,1,79.0,218
2,60.0,68.0,63.0,50.0,0,63.0,218
3,60.0,68.0,62.0,61.0,0,62.0,218
4,60.0,68.0,73.0,50.0,0,73.0,218
5,60.0,68.0,76.0,67.0,1,67.0,218
6,60.0,68.0,57.0,91.0,0,57.0,218
7,60.0,68.0,56.0,60.0,1,60.0,218
8,60.0,68.0,66.0,67.0,1,67.0,218
9,60.0,68.0,48.0,78.0,0,48.0,218
0,60.0,48.0,45.0,48.0,1,48.0,219
1,60.0,48.0,70.0,56.0,1,56.0,219
2,60.0,48.0,47.0,49.0,0,47.0,219
3,60.0,48.0,54.0,49.0,0,54.0,219
4,60.0,48.0,58.0,56.0,0,58.0,219
5,60.0,48.0,56.0,46.0,1,46.0,219
6,60.0,48.0,60.0,68.0,0,60.0,219
7,60.0,48.0,62.0,41.0,1,41.0,219
8,60.0,48.0,68.0,47.0,1,47.0,219
9,60.0,48.0,56.0,64.0,0,56.0,219
0,40.0,28.0,51.0,30.0,0,51.0,220
1,40.0,28.0,35.0,26.0,1,26.0,220
2,40.0,28.0,46.0,44.0,1,44.0,220
3,40.0,28.0,47.0,38.0,1,38.0,220
4,40.0,28.0,32.0,26.0,0,32.0,220
0,40.0,10.0,53.0,15.0,0,53.0,221
1,40.0,10.0,38.0,6.0,1,6.0,221
2,40.0,10.0,34.0,4.0,1,4.0,221
3,40.0,10.0,24.0,15.0,1,15.0,221
4,40.0,10.0,38.0,9.0,1,9.0,221
5,40.0,10.0,44.0,12.0,1,12.0,221
6,40.0,10.0,58.0,10.0,1,10.0,221
7,40.0,10.0,33.0,4.0,0,33.0,221
8,40.0,10.0,29.0,7.0,0,29.0,221
9,40.0,10.0,37.0,12.0,0,37.0,221
0,32.0,40.0,22.0,36.0,1,36.0,222
1,32.0,40.0,27.0,46.0,1,46.0,222
2,32.0,40.0,43.0,39.0,0,43.0,222
3,32.0,40.0,23.0,40.0,0,23.0,222
4,32.0,40.0,33.0,46.0,0,33.0,222
5,32.0,40.0,17.0,42.0,1,42.0,222
6,32.0,40.0,31.0,44.0,1,44.0,222
7,32.0,40.0,43.0,57.0,1,57.0,222
8,32.0,40.0,39.0,35.0,0,39.0,222
9,32.0,40.0,49.0,36.0,1,36.0,222
0,44.0,40.0,55.0,45.0,0,55.0,223
1,44.0,40.0,48.0,34.0,0,48.0,223
2,44.0,40.0,51.0,48.0,1,48.0,223
3,44.0,40.0,43.0,38.0,1,38.0,223
4,44.0,40.0,41.0,55.0,1,55.0,223
5,44.0,40.0,40.0,37.0,0,40.0,223
6,44.0,40.0,51.0,41.0,0,51.0,223
7,44.0,40.0,38.0,43.0,1,43.0,223
8,44.0,40.0,42.0,29.0,0,42.0,223
9,44.0,40.0,42.0,36.0,0,42.0,223
0,40.0,10.0,25.0,4.0,0,25.0,224
1,40.0,10.0,47.0,7.0,1,7.0,224
2,40.0,10.0,36.0,11.0,1,11.0,224
3,40.0,10.0,43.0,23.0,0,43.0,224
4,40.0,10.0,21.0,7.0,0,21.0,224
0,40.0,32.0,54.0,20.0,0,54.0,225
1,40.0,32.0,47.0,11.0,1,11.0,225
2,40.0,32.0,32.0,48.0,1,48.0,225
3,40.0,32.0,33.0,34.0,0,33.0,225
4,40.0,32.0,52.0,18.0,0,52.0,225
5,40.0,32.0,36.0,31.0,1,31.0,225
6,40.0,32.0,36.0,39.0,0,36.0,225
7,40.0,32.0,50.0,29.0,0,50.0,225
8,40.0,32.0,36.0,30.0,1,30.0,225
9,40.0,32.0,53.0,27.0,1,27.0,225
0,60.0,30.0,65.0,37.0,0,65.0,226
1,60.0,30.0,57.0,26.0,1,26.0,226
2,60.0,30.0,50.0,36.0,0,50.0,226
3,60.0,30.0,63.0,38.0,1,38.0,226
4,60.0,30.0,57.0,32.0,1,32.0,226
0,48.0,60.0,42.0,62.0,1,62.0,227
1,48.0,60.0,35.0,64.0,0,35.0,227
2,48.0,60.0,48.0,57.0,1,57.0,227
3,48.0,60.0,50.0,71.0,1,71.0,227
4,48.0,60.0,37.0,64.0,0,37.0,227
0,40.0,48.0,40.0,48.0,0,40.0,228
1,40.0,48.0,58.0,48.0,0,58.0,228
2,40.0,48.0,36.0,58.0,1,58.0,228
3,40.0,48.0,42.0,46.0,1,46.0,228
4,40.0,48.0,34.0,56.0,0,34.0,228
0,40.0,70.0,44.0,74.0,0,44.0,229
1,40.0,70.0,28.0,75.0,0,28.0,229
2,40.0,70.0,53.0,61.0,0,53.0,229
3,40.0,70.0,47.0,68.0,1,68.0,229
4,40.0,70.0,44.0,78.0,0,44.0,229
0,60.0,90.0,72.0,87.0,0,72.0,230
1,60.0,90.0,76.0,90.0,1,90.0,230
2,60.0,90.0,69.0,111.0,1,111.0,230
3,60.0,90.0,37.0,89.0,1,89.0,230
4,60.0,90.0,57.0,76.0,0,57.0,230
0,32.0,40.0,34.0,35.0,0,34.0,231
1,32.0,40.0,23.0,55.0,1,55.0,231
2,32.0,40.0,34.0,48.0,1,48.0,231
3,32.0,40.0,25.0,28.0,1,28.0,231
4,32.0,40.0,55.0,45.0,0,55.0,231
0,72.0,60.0,73.0,62.0,1,62.0,232
1,72.0,60.0,84.0,63.0,0,84.0,232
2,72.0,60.0,78.0,65.0,0,78.0,232
3,72.0,60.0,69.0,54.0,0,69.0,232
4,72.0,60.0,81.0,54.0,1,54.0,232
5,72.0,60.0,71.0,67.0,1,67.0,232
6,72.0,60.0,73.0,55.0,0,73.0,232
7,72.0,60.0,69.0,72.0,1,72.0,232
8,72.0,60.0,57.0,65.0,0,57.0,232
9,72.0,60.0,71.0,62.0,0,71.0,232
0,72.0,60.0,64.0,65.0,1,65.0,233
1,72.0,60.0,67.0,63.0,1,63.0,233
2,72.0,60.0,76.0,73.0,0,76.0,233
3,72.0,60.0,79.0,63.0,0,79.0,233
4,72.0,60.0,75.0,63.0,0,75.0,233
5,72.0,60.0,75.0,57.0,0,75.0,233
6,72.0,60.0,65.0,65.0,1,65.0,233
7,72.0,60.0,65.0,50.0,1,50.0,233
8,72.0,60.0,80.0,53.0,1,53.0,233
9,72.0,60.0,68.0,54.0,0,68.0,233
0,60.0,68.0,53.0,62.0,1,62.0,234
1,60.0,68.0,68.0,73.0,1,73.0,234
2,60.0,68.0,52.0,79.0,0,52.0,234
3,60.0,68.0,76.0,79.0,0,76.0,234
4,60.0,68.0,60.0,64.0,0,60.0,234
5,60.0,68.0,53.0,61.0,1,61.0,234
6,60.0,68.0,45.0,83.0,0,45.0,234
7,60.0,68.0,63.0,66.0,0,63.0,234
8,60.0,68.0,77.0,82.0,1,82.0,234
9,60.0,68.0,63.0,66.0,1,66.0,234
0,40.0,52.0,39.0,63.0,1,63.0,235
1,40.0,52.0,43.0,47.0,1,47.0,235
2,40.0,52.0,31.0,58.0,1,58.0,235
3,40.0,52.0,46.0,40.0,0,46.0,235
4,40.0,52.0,41.0,57.0,1,57.0,235
0,48.0,40.0,42.0,45.0,1,45.0,236
1,48.0,40.0,47.0,37.0,0,47.0,236
2,48.0,40.0,57.0,38.0,1,38.0,236
3,48.0,40.0,57.0,33.0,0,57.0,236
4,48.0,40.0,53.0,40.0,1,40.0,236
0,70.0,40.0,70.0,28.0,1,28.0,237
1,70.0,40.0,72.0,34.0,1,34.0,237
2,70.0,40.0,68.0,30.0,0,68.0,237
3,70.0,40.0,76.0,37.0,1,37.0,237
4,70.0,40.0,69.0,47.0,1,47.0,237
0,32.0,40.0,20.0,19.0,1,19.0,238
1,32.0,40.0,38.0,37.0,1,37.0,238
2,32.0,40.0,33.0,44.0,1,44.0,238
3,32.0,40.0,33.0,43.0,0,33.0,238
4,32.0,40.0,27.0,41.0,0,27.0,238
5,32.0,40.0,39.0,31.0,1,31.0,238
6,32.0,40.0,44.0,44.0,0,44.0,238
7,32.0,40.0,25.0,49.0,0,25.0,238
8,32.0,40.0,30.0,41.0,0,30.0,238
9,32.0,40.0,28.0,48.0,0,28.0,238
0,40.0,28.0,34.0,22.0,0,34.0,239
1,40.0,28.0,45.0,34.0,0,45.0,239
2,40.0,28.0,36.0,28.0,0,36.0,239
3,40.0,28.0,37.0,19.0,1,19.0,239
4,40.0,28.0,42.0,28.0,1,28.0,239
0,28.0,40.0,30.0,50.0,1,50.0,240
1,28.0,40.0,23.0,47.0,0,23.0,240
2,28.0,40.0,30.0,44.0,1,44.0,240
3,28.0,40.0,25.0,45.0,1,45.0,240
4,28.0,40.0,20.0,33.0,0,20.0,240
0,40.0,28.0,36.0,15.0,1,15.0,241
1,40.0,28.0,38.0,12.0,0,38.0,241
2,40.0,28.0,32.0,27.0,1,27.0,241
3,40.0,28.0,39.0,37.0,1,37.0,241
4,40.0,28.0,52.0,37.0,1,37.0,241
5,40.0,28.0,43.0,17.0,0,43.0,241
6,40.0,28.0,45.0,23.0,0,45.0,241
7,40.0,28.0,34.0,37.0,1,37.0,241
8,40.0,28.0,49.0,27.0,1,27.0,241
9,40.0,28.0,36.0,25.0,0,36.0,241
0,60.0,30.0,59.0,32.0,1,32.0,242
1,60.0,30.0,57.0,48.0,0,57.0,242
2,60.0,30.0,57.0,31.0,0,57.0,242
3,60.0,30.0,66.0,23.0,1,23.0,242
4,60.0,30.0,67.0,24.0,1,24.0,242
5,60.0,30.0,56.0,32.0,0,56.0,242
6,60.0,30.0,53.0,35.0,0,53.0,242
7,60.0,30.0,50.0,28.0,1,28.0,242
8,60.0,30.0,62.0,37.0,1,37.0,242
9,60.0,30.0,62.0,43.0,0,62.0,242
0,60.0,48.0,63.0,50.0,1,50.0,243
1,60.0,48.0,75.0,45.0,0,75.0,243
2,60.0,48.0,66.0,35.0,1,35.0,243
3,60.0,48.0,59.0,51.0,0,59.0,243
4,60.0,48.0,59.0,53.0,0,59.0,243
0,68.0,60.0,70.0,59.0,0,70.0,244
1,68.0,60.0,86.0,66.0,0,86.0,244
2,68.0,60.0,87.0,63.0,1,63.0,244
3,68.0,60.0,66.0,61.0,1,61.0,244
4,68.0,60.0,72.0,64.0,0,72.0,244
5,68.0,60.0,80.0,63.0,1,63.0,244
6,68.0,60.0,73.0,52.0,1,52.0,244
7,68.0,60.0,71.0,62.0,1,62.0,244
8,68.0,60.0,73.0,78.0,1,78.0,244
9,68.0,60.0,85.0,63.0,0,85.0,244
0,52.0,60.0,58.0,70.0,0,58.0,245
1,52.0,60.0,59.0,62.0,0,59.0,245
2,52.0,60.0,56.0,55.0,1,55.0,245
3,52.0,60.0,58.0,59.0,1,59.0,245
4,52.0,60.0,56.0,56.0,0,56.0,245
5,52.0,60.0,55.0,61.0,1,61.0,245
6,52.0,60.0,44.0,43.0,1,43.0,245
7,52.0,60.0,42.0,64.0,0,42.0,245
8,52.0,60.0,55.0,56.0,0,55.0,245
9,52.0,60.0,57.0,62.0,0,57.0,245
0,48.0,60.0,56.0,61.0,1,61.0,246
1,48.0,60.0,36.0,63.0,0,36.0,246
2,48.0,60.0,42.0,50.0,1,50.0,246
3,48.0,60.0,53.0,57.0,1,57.0,246
4,48.0,60.0,43.0,54.0,1,54.0,246
5,48.0,60.0,52.0,46.0,0,52.0,246
6,48.0,60.0,43.0,78.0,0,43.0,246
7,48.0,60.0,33.0,67.0,0,33.0,246
8,48.0,60.0,75.0,62.0,0,75.0,246
9,48.0,60.0,40.0,54.0,0,40.0,246
0,70.0,40.0,82.0,45.0,1,45.0,247
1,70.0,40.0,81.0,27.0,1,27.0,247
2,70.0,40.0,79.0,32.0,1,32.0,247
3,70.0,40.0,72.0,20.0,0,72.0,247
4,70.0,40.0,66.0,39.0,1,39.0,247
5,70.0,40.0,70.0,35.0,0,70.0,247
6,70.0,40.0,55.0,42.0,0,55.0,247
7,70.0,40.0,54.0,46.0,1,46.0,247
8,70.0,40.0,64.0,50.0,0,64.0,247
9,70.0,40.0,69.0,45.0,0,69.0,247
0,32.0,40.0,21.0,24.0,1,24.0,248
1,32.0,40.0,39.0,53.0,0,39.0,248
2,32.0,40.0,44.0,45.0,1,45.0,248
3,32.0,40.0,34.0,54.0,1,54.0,248
4,32.0,40.0,31.0,44.0,0,31.0,248
0,32.0,40.0,35.0,44.0,0,35.0,249
1,32.0,40.0,38.0,36.0,1,36.0,249
2,32.0,40.0,28.0,39.0,1,39.0,249
3,32.0,40.0,33.0,20.0,1,20.0,249
4,32.0,40.0,32.0,28.0,1,28.0,249
0,60.0,40.0,68.0,45.0,1,45.0,250
1,60.0,40.0,79.0,39.0,0,79.0,250
2,60.0,40.0,58.0,39.0,0,58.0,250
3,60.0,40.0,51.0,27.0,0,51.0,250
4,60.0,40.0,66.0,51.0,0,66.0,250
5,60.0,40.0,75.0,29.0,1,29.0,250
6,60.0,40.0,71.0,43.0,1,43.0,250
7,60.0,40.0,58.0,40.0,0,58.0,250
8,60.0,40.0,46.0,44.0,0,46.0,250
9,60.0,40.0,61.0,37.0,0,61.0,250
0,80.0,60.0,64.0,56.0,1,56.0,251
1,80.0,60.0,64.0,68.0,1,68.0,251
2,80.0,60.0,94.0,80.0,0,94.0,251
3,80.0,60.0,83.0,67.0,0,83.0,251
4,80.0,60.0,86.0,56.0,0,86.0,251
5,80.0,60.0,82.0,57.0,0,82.0,251
6,80.0,60.0,80.0,63.0,1,63.0,251
7,80.0,60.0,85.0,47.0,0,85.0,251
8,80.0,60.0,82.0,54.0,0,82.0,251
9,80.0,60.0,71.0,59.0,1,59.0,251
0,64.0,60.0,49.0,65.0,1,65.0,252
1,64.0,60.0,63.0,46.0,0,63.0,252
2,64.0,60.0,58.0,54.0,1,54.0,252
3,64.0,60.0,78.0,67.0,0,78.0,252
4,64.0,60.0,77.0,68.0,0,77.0,252
0,60.0,40.0,65.0,39.0,0,65.0,253
1,60.0,40.0,57.0,45.0,1,45.0,253
2,60.0,40.0,75.0,31.0,0,75.0,253
3,60.0,40.0,48.0,44.0,1,44.0,253
4,60.0,40.0,63.0,41.0,0,63.0,253
5,60.0,40.0,33.0,30.0,1,30.0,253
6,60.0,40.0,57.0,48.0,0,57.0,253
7,60.0,40.0,56.0,45.0,1,45.0,253
8,60.0,40.0,70.0,36.0,0,70.0,253
9,60.0,40.0,65.0,48.0,1,48.0,253
0,40.0,60.0,37.0,73.0,1,73.0,254
1,40.0,60.0,52.0,75.0,1,75.0,254
2,40.0,60.0,37.0,59.0,0,37.0,254
3,40.0,60.0,32.0,75.0,1,75.0,254
4,40.0,60.0,42.0,62.0,1,62.0,254
0,80.0,60.0,85.0,55.0,1,55.0,255
1,80.0,60.0,76.0,73.0,0,76.0,255
2,80.0,60.0,86.0,56.0,1,56.0,255
3,80.0,60.0,83.0,48.0,0,83.0,255
4,80.0,60.0,82.0,66.0,1,66.0,255
0,52.0,60.0,53.0,47.0,0,53.0,256
1,52.0,60.0,70.0,59.0,1,59.0,256
2,52.0,60.0,54.0,72.0,1,72.0,256
3,52.0,60.0,48.0,47.0,0,48.0,256
4,52.0,60.0,53.0,50.0,0,53.0,256
0,68.0,60.0,62.0,60.0,0,62.0,257
1,68.0,60.0,58.0,59.0,0,58.0,257
2,68.0,60.0,86.0,43.0,1,43.0,257
3,68.0,60.0,50.0,52.0,0,50.0,257
4,68.0,60.0,67.0,52.0,1,52.0,257
5,68.0,60.0,70.0,56.0,0,70.0,257
6,68.0,60.0,71.0,65.0,0,71.0,257
7,68.0,60.0,62.0,59.0,0,62.0,257
8,68.0,60.0,64.0,49.0,1,49.0,257
9,68.0,60.0,60.0,38.0,1,38.0,257
0,20.0,40.0,22.0,48.0,1,48.0,258
1,20.0,40.0,26.0,44.0,0,26.0,258
2,20.0,40.0,30.0,41.0,1,41.0,258
3,20.0,40.0,33.0,39.0,1,39.0,258
4,20.0,40.0,24.0,42.0,0,24.0,258
0,60.0,40.0,82.0,36.0,1,36.0,259
1,60.0,40.0,63.0,43.0,1,43.0,259
2,60.0,40.0,57.0,45.0,1,45.0,259
3,60.0,40.0,56.0,36.0,0,56.0,259
4,60.0,40.0,65.0,36.0,0,65.0,259
5,60.0,40.0,51.0,45.0,1,45.0,259
6,60.0,40.0,66.0,33.0,0,66.0,259
7,60.0,40.0,53.0,37.0,1,37.0,259
8,60.0,40.0,56.0,35.0,0,56.0,259
9,60.0,40.0,65.0,46.0,1,46.0,259
0,60.0,64.0,57.0,77.0,1,77.0,260
1,60.0,64.0,58.0,57.0,0,58.0,260
2,60.0,64.0,64.0,65.0,1,65.0,260
3,60.0,64.0,61.0,56.0,1,56.0,260
4,60.0,64.0,61.0,80.0,1,80.0,260
5,60.0,64.0,65.0,72.0,0,65.0,260
6,60.0,64.0,58.0,75.0,0,58.0,260
7,60.0,64.0,38.0,60.0,0,38.0,260
8,60.0,64.0,52.0,60.0,1,60.0,260
9,60.0,64.0,51.0,55.0,0,51.0,260
0,64.0,60.0,66.0,48.0,1,48.0,261
1,64.0,60.0,69.0,64.0,0,69.0,261
2,64.0,60.0,56.0,35.0,0,56.0,261
3,64.0,60.0,58.0,66.0,1,66.0,261
4,64.0,60.0,64.0,68.0,1,68.0,261
5,64.0,60.0,76.0,68.0,1,68.0,261
6,64.0,60.0,62.0,64.0,0,62.0,261
7,64.0,60.0,66.0,66.0,0,66.0,261
8,64.0,60.0,68.0,61.0,0,68.0,261
9,64.0,60.0,84.0,59.0,0,84.0,261
0,40.0,32.0,34.0,36.0,1,36.0,262
1,40.0,32.0,36.0,31.0,0,36.0,262
2,40.0,32.0,32.0,29.0,0,32.0,262
3,40.0,32.0,52.0,29.0,1,29.0,262
4,40.0,32.0,53.0,34.0,1,34.0,262
0,80.0,60.0,81.0,51.0,0,81.0,263
1,80.0,60.0,77.0,56.0,1,56.0,263
2,80.0,60.0,79.0,66.0,1,66.0,263
3,80.0,60.0,95.0,63.0,1,63.0,263
4,80.0,60.0,88.0,47.0,0,88.0,263
5,80.0,60.0,93.0,70.0,0,93.0,263
6,80.0,60.0,74.0,57.0,1,57.0,263
7,80.0,60.0,80.0,66.0,1,66.0,263
8,80.0,60.0,94.0,73.0,0,94.0,263
9,80.0,60.0,89.0,58.0,1,58.0,263
0,60.0,80.0,53.0,88.0,0,53.0,264
1,60.0,80.0,68.0,67.0,0,68.0,264
2,60.0,80.0,53.0,75.0,1,75.0,264
3,60.0,80.0,59.0,88.0,1,88.0,264
4,60.0,80.0,50.0,81.0,0,50.0,264
5,60.0,80.0,61.0,76.0,0,61.0,264
6,60.0,80.0,70.0,68.0,0,70.0,264
7,60.0,80.0,54.0,93.0,1,93.0,264
8,60.0,80.0,57.0,97.0,1,97.0,264
9,60.0,80.0,54.0,69.0,0,54.0,264
0,60.0,48.0,72.0,40.0,1,40.0,265
1,60.0,48.0,59.0,52.0,1,52.0,265
2,60.0,48.0,64.0,59.0,0,64.0,265
3,60.0,48.0,70.0,44.0,1,44.0,265
4,60.0,48.0,60.0,56.0,0,60.0,265
5,60.0,48.0,52.0,42.0,1,42.0,265
6,60.0,48.0,66.0,45.0,1,45.0,265
7,60.0,48.0,61.0,50.0,0,61.0,265
8,60.0,48.0,71.0,47.0,0,71.0,265
9,60.0,48.0,66.0,38.0,1,38.0,265
0,40.0,28.0,32.0,15.0,1,15.0,266
1,40.0,28.0,53.0,17.0,0,53.0,266
2,40.0,28.0,39.0,28.0,1,28.0,266
3,40.0,28.0,55.0,29.0,0,55.0,266
4,40.0,28.0,42.0,19.0,0,42.0,266
0,10.0,40.0,-6.0,28.0,0,-6.0,267
1,10.0,40.0,16.0,49.0,0,16.0,267
2,10.0,40.0,2.0,51.0,1,51.0,267
3,10.0,40.0,20.0,50.0,0,20.0,267
4,10.0,40.0,13.0,31.0,1,31.0,267
0,60.0,30.0,61.0,18.0,1,18.0,268
1,60.0,30.0,55.0,19.0,0,55.0,268
2,60.0,30.0,48.0,37.0,0,48.0,268
3,60.0,30.0,61.0,34.0,1,34.0,268
4,60.0,30.0,57.0,43.0,0,57.0,268
0,20.0,40.0,23.0,52.0,1,52.0,269
1,20.0,40.0,32.0,51.0,0,32.0,269
2,20.0,40.0,14.0,39.0,1,39.0,269
3,20.0,40.0,16.0,30.0,0,16.0,269
4,20.0,40.0,16.0,54.0,1,54.0,269
5,20.0,40.0,26.0,47.0,0,26.0,269
6,20.0,40.0,20.0,43.0,0,20.0,269
7,20.0,40.0,22.0,41.0,1,41.0,269
8,20.0,40.0,11.0,29.0,1,29.0,269
9,20.0,40.0,23.0,42.0,0,23.0,269
0,60.0,72.0,55.0,75.0,0,55.0,270
1,60.0,72.0,58.0,69.0,1,69.0,270
2,60.0,72.0,55.0,63.0,0,55.0,270
3,60.0,72.0,51.0,80.0,1,80.0,270
4,60.0,72.0,62.0,77.0,0,62.0,270
0,60.0,52.0,61.0,52.0,1,52.0,271
1,60.0,52.0,58.0,62.0,1,62.0,271
2,60.0,52.0,60.0,53.0,1,53.0,271
3,60.0,52.0,52.0,52.0,0,52.0,271
4,60.0,52.0,62.0,54.0,0,62.0,271
0,40.0,70.0,37.0,64.0,0,37.0,272
1,40.0,70.0,24.0,70.0,0,24.0,272
2,40.0,70.0,32.0,79.0,0,32.0,272
3,40.0,70.0,33.0,64.0,1,64.0,272
4,40.0,70.0,29.0,78.0,0,29.0,272
0,28.0,40.0,21.0,32.0,1,32.0,273
1,28.0,40.0,33.0,43.0,1,43.0,273
2,28.0,40.0,33.0,43.0,0,33.0,273
3,28.0,40.0,40.0,26.0,0,40.0,273
4,28.0,40.0,30.0,40.0,0,30.0,273
0,52.0,40.0,39.0,37.0,0,39.0,274
1,52.0,40.0,48.0,43.0,0,48.0,274
2,52.0,40.0,59.0,40.0,1,40.0,274
3,52.0,40.0,58.0,36.0,1,36.0,274
4,52.0,40.0,55.0,41.0,0,55.0,274
0,68.0,60.0,53.0,63.0,0,53.0,275
1,68.0,60.0,77.0,53.0,0,77.0,275
2,68.0,60.0,72.0,51.0,0,72.0,275
3,68.0,60.0,57.0,68.0,1,68.0,275
4,68.0,60.0,62.0,72.0,1,72.0,275
5,68.0,60.0,70.0,56.0,0,70.0,275
6,68.0,60.0,66.0,69.0,1,69.0,275
7,68.0,60.0,76.0,52.0,0,76.0,275
8,68.0,60.0,77.0,62.0,1,62.0,275
9,68.0,60.0,60.0,73.0,1,73.0,275
0,28.0,40.0,15.0,46.0,0,15.0,276
1,28.0,40.0,26.0,48.0,0,26.0,276
2,28.0,40.0,40.0,47.0,0,40.0,276
3,28.0,40.0,28.0,37.0,1,37.0,276
4,28.0,40.0,30.0,37.0,1,37.0,276
0,40.0,60.0,36.0,68.0,0,36.0,277
1,40.0,60.0,50.0,64.0,1,64.0,277
2,40.0,60.0,33.0,66.0,0,33.0,277
3,40.0,60.0,38.0,76.0,1,76.0,277
4,40.0,60.0,31.0,67.0,0,31.0,277
0,72.0,60.0,64.0,58.0,0,64.0,278
1,72.0,60.0,74.0,44.0,1,44.0,278
2,72.0,60.0,84.0,62.0,0,84.0,278
3,72.0,60.0,53.0,60.0,1,60.0,278
4,72.0,60.0,88.0,59.0,1,59.0,278
0,60.0,40.0,54.0,43.0,1,43.0,279
1,60.0,40.0,65.0,33.0,0,65.0,279
2,60.0,40.0,70.0,32.0,1,32.0,279
3,60.0,40.0,71.0,39.0,0,71.0,279
4,60.0,40.0,55.0,38.0,1,38.0,279
5,60.0,40.0,62.0,33.0,0,62.0,279
6,60.0,40.0,59.0,47.0,0,59.0,279
7,60.0,40.0,58.0,35.0,0,58.0,279
8,60.0,40.0,62.0,34.0,1,34.0,279
9,60.0,40.0,75.0,44.0,0,75.0,279
0,48.0,60.0,40.0,44.0,1,44.0,280
1,48.0,60.0,34.0,65.0,1,65.0,280
2,48.0,60.0,39.0,62.0,1,62.0,280
3,48.0,60.0,50.0,62.0,0,50.0,280
4,48.0,60.0,41.0,58.0,0,41.0,280
5,48.0,60.0,48.0,73.0,1,73.0,280
6,48.0,60.0,38.0,61.0,0,38.0,280
7,48.0,60.0,52.0,57.0,1,57.0,280
8,48.0,60.0,38.0,54.0,1,54.0,280
9,48.0,60.0,35.0,67.0,1,67.0,280
0,70.0,40.0,57.0,34.0,1,34.0,281
1,70.0,40.0,73.0,40.0,1,40.0,281
2,70.0,40.0,78.0,44.0,0,78.0,281
3,70.0,40.0,83.0,43.0,1,43.0,281
4,70.0,40.0,85.0,42.0,1,42.0,281
0,60.0,56.0,58.0,71.0,1,71.0,282
1,60.0,56.0,75.0,48.0,1,48.0,282
2,60.0,56.0,59.0,41.0,0,59.0,282
3,60.0,56.0,60.0,52.0,1,52.0,282
4,60.0,56.0,62.0,42.0,0,62.0,282
0,40.0,60.0,20.0,68.0,1,68.0,283
1,40.0,60.0,27.0,57.0,0,27.0,283
2,40.0,60.0,33.0,59.0,1,59.0,283
3,40.0,60.0,30.0,69.0,1,69.0,283
4,40.0,60.0,29.0,58.0,0,29.0,283
5,40.0,60.0,45.0,68.0,1,68.0,283
6,40.0,60.0,49.0,65.0,1,65.0,283
7,40.0,60.0,50.0,68.0,1,68.0,283
8,40.0,60.0,43.0,67.0,1,67.0,283
9,40.0,60.0,46.0,63.0,0,46.0,283
0,44.0,40.0,40.0,44.0,0,40.0,284
1,44.0,40.0,36.0,28.0,1,28.0,284
2,44.0,40.0,50.0,49.0,0,50.0,284
3,44.0,40.0,36.0,31.0,1,31.0,284
4,44.0,40.0,45.0,43.0,1,43.0,284
0,20.0,40.0,9.0,35.0,1,35.0,285
1,20.0,40.0,28.0,32.0,1,32.0,285
2,20.0,40.0,16.0,29.0,0,16.0,285
3,20.0,40.0,22.0,37.0,0,22.0,285
4,20.0,40.0,22.0,40.0,0,22.0,285
0,40.0,32.0,51.0,22.0,0,51.0,286
1,40.0,32.0,49.0,31.0,0,49.0,286
2,40.0,32.0,47.0,32.0,0,47.0,286
3,40.0,32.0,30.0,34.0,1,34.0,286
4,40.0,32.0,39.0,29.0,0,39.0,286
0,60.0,30.0,72.0,26.0,1,26.0,287
1,60.0,30.0,71.0,34.0,1,34.0,287
2,60.0,30.0,57.0,34.0,0,57.0,287
3,60.0,30.0,68.0,34.0,0,68.0,287
4,60.0,30.0,59.0,46.0,0,59.0,287
0,44.0,40.0,51.0,33.0,1,33.0,288
1,44.0,40.0,49.0,35.0,0,49.0,288
2,44.0,40.0,39.0,31.0,1,31.0,288
3,44.0,40.0,49.0,52.0,1,52.0,288
4,44.0,40.0,49.0,32.0,1,32.0,288
5,44.0,40.0,32.0,23.0,0,32.0,288
6,44.0,40.0,37.0,31.0,0,37.0,288
7,44.0,40.0,43.0,25.0,0,43.0,288
8,44.0,40.0,48.0,32.0,0,48.0,288
9,44.0,40.0,55.0,38.0,0,55.0,288
0,60.0,90.0,70.0,96.0,0,70.0,289
1,60.0,90.0,51.0,94.0,1,94.0,289
2,60.0,90.0,68.0,87.0,1,87.0,289
3,60.0,90.0,65.0,81.0,0,65.0,289
4,60.0,90.0,72.0,89.0,0,72.0,289
5,60.0,90.0,61.0,96.0,0,61.0,289
6,60.0,90.0,55.0,84.0,1,84.0,289
7,60.0,90.0,70.0,87.0,0,70.0,289
8,60.0,90.0,62.0,77.0,0,62.0,289
9,60.0,90.0,57.0,77.0,1,77.0,289
0,60.0,68.0,43.0,77.0,1,77.0,290
1,60.0,68.0,79.0,75.0,0,79.0,290
2,60.0,68.0,53.0,64.0,1,64.0,290
3,60.0,68.0,72.0,68.0,0,72.0,290
4,60.0,68.0,50.0,65.0,0,50.0,290
5,60.0,68.0,56.0,66.0,0,56.0,290
6,60.0,68.0,66.0,61.0,1,61.0,290
7,60.0,68.0,55.0,65.0,0,55.0,290
8,60.0,68.0,64.0,65.0,0,64.0,290
9,60.0,68.0,69.0,60.0,1,60.0,290
0,40.0,52.0,36.0,68.0,1,68.0,291
1,40.0,52.0,37.0,65.0,0,37.0,291
2,40.0,52.0,40.0,50.0,1,50.0,291
3,40.0,52.0,50.0,57.0,0,50.0,291
4,40.0,52.0,39.0,52.0,0,39.0,291
0,80.0,60.0,65.0,64.0,0,65.0,292
1,80.0,60.0,65.0,51.0,1,51.0,292
2,80.0,60.0,81.0,59.0,1,59.0,292
3,80.0,60.0,68.0,74.0,1,74.0,292
4,80.0,60.0,64.0,50.0,0,64.0,292
0,40.0,60.0,44.0,66.0,0,44.0,293
1,40.0,60.0,40.0,48.0,1,48.0,293
2,40.0,60.0,49.0,45.0,0,49.0,293
3,40.0,60.0,25.0,72.0,1,72.0,293
4,40.0,60.0,24.0,61.0,0,24.0,293
5,40.0,60.0,56.0,65.0,0,56.0,293
6,40.0,60.0,30.0,59.0,0,30.0,293
7,40.0,60.0,53.0,50.0,1,50.0,293
8,40.0,60.0,37.0,47.0,0,37.0,293
9,40.0,60.0,45.0,56.0,0,45.0,293
0,60.0,90.0,59.0,98.0,1,98.0,294
1,60.0,90.0,54.0,76.0,0,54.0,294
2,60.0,90.0,51.0,83.0,1,83.0,294
3,60.0,90.0,71.0,93.0,0,71.0,294
4,60.0,90.0,49.0,68.0,1,68.0,294
5,60.0,90.0,64.0,88.0,1,88.0,294
6,60.0,90.0,70.0,76.0,1,76.0,294
7,60.0,90.0,71.0,91.0,0,71.0,294
8,60.0,90.0,51.0,78.0,0,51.0,294
9,60.0,90.0,54.0,83.0,0,54.0,294
0,70.0,40.0,66.0,56.0,0,66.0,295
1,70.0,40.0,81.0,41.0,1,41.0,295
2,70.0,40.0,54.0,41.0,0,54.0,295
3,70.0,40.0,69.0,37.0,1,37.0,295
4,70.0,40.0,82.0,37.0,1,37.0,295
5,70.0,40.0,78.0,41.0,0,78.0,295
6,70.0,40.0,70.0,32.0,0,70.0,295
7,70.0,40.0,78.0,41.0,1,41.0,295
8,70.0,40.0,68.0,54.0,1,54.0,295
9,70.0,40.0,90.0,47.0,1,47.0,295
0,40.0,60.0,29.0,51.0,0,29.0,296
1,40.0,60.0,37.0,61.0,1,61.0,296
2,40.0,60.0,25.0,66.0,0,25.0,296
3,40.0,60.0,38.0,69.0,0,38.0,296
4,40.0,60.0,40.0,55.0,0,40.0,296
0,56.0,60.0,65.0,65.0,1,65.0,297
1,56.0,60.0,48.0,48.0,1,48.0,297
2,56.0,60.0,50.0,64.0,1,64.0,297
3,56.0,60.0,45.0,59.0,0,45.0,297
4,56.0,60.0,56.0,61.0,0,56.0,297
5,56.0,60.0,55.0,43.0,0,55.0,297
6,56.0,60.0,53.0,71.0,1,71.0,297
7,56.0,60.0,49.0,64.0,0,49.0,297
8,56.0,60.0,49.0,55.0,1,55.0,297
9,56.0,60.0,59.0,66.0,1,66.0,297
0,40.0,20.0,41.0,26.0,1,26.0,298
1,40.0,20.0,43.0,3.0,0,43.0,298
2,40.0,20.0,38.0,9.0,0,38.0,298
3,40.0,20.0,49.0,37.0,1,37.0,298
4,40.0,20.0,32.0,18.0,0,32.0,298
0,40.0,52.0,39.0,52.0,0,39.0,299
1,40.0,52.0,35.0,57.0,0,35.0,299
2,40.0,52.0,34.0,58.0,1,58.0,299
3,40.0,52.0,32.0,65.0,0,32.0,299
4,40.0,52.0,44.0,40.0,1,40.0,299
0,56.0,60.0,43.0,64.0,0,43.0,300
1,56.0,60.0,55.0,68.0,1,68.0,300
2,56.0,60.0,59.0,53.0,1,53.0,300
3,56.0,60.0,45.0,83.0,0,45.0,300
4,56.0,60.0,65.0,48.0,1,48.0,300
5,56.0,60.0,55.0,55.0,0,55.0,300
6,56.0,60.0,59.0,60.0,1,60.0,300
7,56.0,60.0,47.0,60.0,0,47.0,300
8,56.0,60.0,61.0,72.0,0,61.0,300
9,56.0,60.0,56.0,46.0,1,46.0,300
0,60.0,56.0,63.0,48.0,1,48.0,301
1,60.0,56.0,64.0,53.0,0,64.0,301
2,60.0,56.0,48.0,53.0,1,53.0,301
3,60.0,56.0,62.0,48.0,0,62.0,301
4,60.0,56.0,61.0,46.0,1,46.0,301
0,56.0,60.0,68.0,54.0,1,54.0,302
1,56.0,60.0,68.0,70.0,0,68.0,302
2,56.0,60.0,48.0,55.0,0,48.0,302
3,56.0,60.0,52.0,72.0,0,52.0,302
4,56.0,60.0,60.0,67.0,1,67.0,302
5,56.0,60.0,57.0,66.0,0,57.0,302
6,56.0,60.0,57.0,64.0,0,57.0,302
7,56.0,60.0,62.0,77.0,0,62.0,302
8,56.0,60.0,51.0,69.0,0,51.0,302
9,56.0,60.0,53.0,68.0,0,53.0,302
0,28.0,40.0,36.0,28.0,1,28.0,303
1,28.0,40.0,18.0,40.0,1,40.0,303
2,28.0,40.0,32.0,29.0,0,32.0,303
3,28.0,40.0,27.0,55.0,1,55.0,303
4,28.0,40.0,28.0,34.0,1,34.0,303
5,28.0,40.0,43.0,29.0,1,29.0,303
6,28.0,40.0,20.0,23.0,1,23.0,303
7,28.0,40.0,19.0,26.0,0,19.0,303
8,28.0,40.0,18.0,46.0,1,46.0,303
9,28.0,40.0,25.0,42.0,0,25.0,303
0,64.0,60.0,70.0,63.0,1,63.0,304
1,64.0,60.0,76.0,64.0,0,76.0,304
2,64.0,60.0,74.0,65.0,0,74.0,304
3,64.0,60.0,63.0,61.0,0,63.0,304
4,64.0,60.0,66.0,73.0,1,73.0,304
5,64.0,60.0,64.0,66.0,0,64.0,304
6,64.0,60.0,61.0,62.0,1,62.0,304
7,64.0,60.0,70.0,65.0,0,70.0,304
8,64.0,60.0,59.0,48.0,1,48.0,304
9,64.0,60.0,61.0,57.0,1,57.0,304
0,40.0,52.0,35.0,62.0,1,62.0,305
1,40.0,52.0,36.0,56.0,0,36.0,305
2,40.0,52.0,51.0,62.0,1,62.0,305
3,40.0,52.0,40.0,52.0,0,40.0,305
4,40.0,52.0,40.0,47.0,0,40.0,305
0,40.0,20.0,46.0,32.0,1,32.0,306
1,40.0,20.0,49.0,17.0,1,17.0,306
2,40.0,20.0,58.0,19.0,1,19.0,306
3,40.0,20.0,45.0,26.0,0,45.0,306
4,40.0,20.0,51.0,13.0,0,51.0,306
0,48.0,60.0,39.0,66.0,0,39.0,307
1,48.0,60.0,39.0,60.0,0,39.0,307
2,48.0,60.0,46.0,59.0,1,59.0,307
3,48.0,60.0,65.0,62.0,0,65.0,307
4,48.0,60.0,54.0,54.0,0,54.0,307
5,48.0,60.0,37.0,61.0,0,37.0,307
6,48.0,60.0,45.0,51.0,1,51.0,307
7,48.0,60.0,45.0,56.0,0,45.0,307
8,48.0,60.0,51.0,34.0,0,51.0,307
9,48.0,60.0,48.0,58.0,1,58.0,307
0,72.0,60.0,69.0,75.0,1,75.0,308
1,72.0,60.0,76.0,47.0,0,76.0,308
2,72.0,60.0,54.0,54.0,1,54.0,308
3,72.0,60.0,78.0,63.0,1,63.0,308
4,72.0,60.0,85.0,61.0,0,85.0,308
5,72.0,60.0,68.0,61.0,1,61.0,308
6,72.0,60.0,76.0,45.0,0,76.0,308
7,72.0,60.0,83.0,53.0,1,53.0,308
8,72.0,60.0,77.0,65.0,0,77.0,308
9,72.0,60.0,68.0,57.0,1,57.0,308
0,60.0,48.0,51.0,38.0,0,51.0,309
1,60.0,48.0,65.0,42.0,0,65.0,309
2,60.0,48.0,55.0,56.0,1,56.0,309
3,60.0,48.0,54.0,32.0,1,32.0,309
4,60.0,48.0,58.0,55.0,0,58.0,309
0,72.0,60.0,70.0,64.0,1,64.0,310
1,72.0,60.0,71.0,71.0,0,71.0,310
2,72.0,60.0,83.0,44.0,0,83.0,310
3,72.0,60.0,65.0,65.0,0,65.0,310
4,72.0,60.0,86.0,48.0,1,48.0,310
0,10.0,40.0,17.0,41.0,1,41.0,311
1,10.0,40.0,16.0,38.0,1,38.0,311
2,10.0,40.0,12.0,40.0,0,12.0,311
3,10.0,40.0,5.0,49.0,0,5.0,311
4,10.0,40.0,21.0,42.0,1,42.0,311
0,32.0,40.0,41.0,40.0,1,40.0,312
1,32.0,40.0,27.0,45.0,0,27.0,312
2,32.0,40.0,39.0,29.0,0,39.0,312
3,32.0,40.0,30.0,29.0,0,30.0,312
4,32.0,40.0,40.0,43.0,0,40.0,312
5,32.0,40.0,25.0,38.0,0,25.0,312
6,32.0,40.0,28.0,19.0,1,19.0,312
7,32.0,40.0,23.0,29.0,0,23.0,312
8,32.0,40.0,26.0,33.0,0,26.0,312
9,32.0,40.0,23.0,47.0,1,47.0,312
0,40.0,60.0,36.0,57.0,0,36.0,313
1,40.0,60.0,40.0,59.0,1,59.0,313
2,40.0,60.0,42.0,58.0,1,58.0,313
3,40.0,60.0,40.0,60.0,0,40.0,313
4,40.0,60.0,40.0,68.0,0,40.0,313
5,40.0,60.0,35.0,59.0,0,35.0,313
6,40.0,60.0,32.0,53.0,0,32.0,313
7,40.0,60.0,48.0,71.0,0,48.0,313
8,40.0,60.0,55.0,53.0,1,53.0,313
9,40.0,60.0,40.0,51.0,1,51.0,313
0,60.0,56.0,52.0,58.0,1,58.0,314
1,60.0,56.0,50.0,69.0,1,69.0,314
2,60.0,56.0,66.0,60.0,1,60.0,314
3,60.0,56.0,65.0,51.0,0,65.0,314
4,60.0,56.0,69.0,61.0,1,61.0,314
0,10.0,40.0,20.0,34.0,1,34.0,315
1,10.0,40.0,-5.0,38.0,0,-5.0,315
2,10.0,40.0,3.0,40.0,0,3.0,315
3,10.0,40.0,18.0,35.0,0,18.0,315
4,10.0,40.0,-4.0,34.0,1,34.0,315
5,10.0,40.0,9.0,36.0,1,36.0,315
6,10.0,40.0,-2.0,39.0,1,39.0,315
7,10.0,40.0,13.0,37.0,0,13.0,315
8,10.0,40.0,3.0,32.0,1,32.0,315
9,10.0,40.0,21.0,34.0,1,34.0,315
0,60.0,40.0,75.0,37.0,0,75.0,316
1,60.0,40.0,66.0,44.0,0,66.0,316
2,60.0,40.0,70.0,41.0,0,70.0,316
3,60.0,40.0,69.0,38.0,1,38.0,316
4,60.0,40.0,63.0,39.0,0,63.0,316
5,60.0,40.0,64.0,49.0,0,64.0,316
6,60.0,40.0,57.0,41.0,1,41.0,316
7,60.0,40.0,58.0,35.0,0,58.0,316
8,60.0,40.0,71.0,31.0,0,71.0,316
9,60.0,40.0,67.0,20.0,1,20.0,316
0,56.0,60.0,75.0,60.0,1,60.0,317
1,56.0,60.0,66.0,62.0,0,66.0,317
2,56.0,60.0,46.0,60.0,1,60.0,317
3,56.0,60.0,52.0,58.0,0,52.0,317
4,56.0,60.0,57.0,49.0,1,49.0,317
5,56.0,60.0,56.0,52.0,0,56.0,317
6,56.0,60.0,36.0,57.0,1,57.0,317
7,56.0,60.0,57.0,57.0,1,57.0,317
8,56.0,60.0,57.0,68.0,0,57.0,317
9,56.0,60.0,76.0,63.0,0,76.0,317
0,36.0,40.0,39.0,37.0,0,39.0,318
1,36.0,40.0,29.0,35.0,0,29.0,318
2,36.0,40.0,47.0,50.0,0,47.0,318
3,36.0,40.0,43.0,54.0,1,54.0,318
4,36.0,40.0,31.0,48.0,0,31.0,318
0,10.0,40.0,6.0,45.0,0,6.0,319
1,10.0,40.0,4.0,47.0,1,47.0,319
2,10.0,40.0,1.0,37.0,0,1.0,319
3,10.0,40.0,11.0,41.0,1,41.0,319
4,10.0,40.0,10.0,42.0,0,10.0,319
0,10.0,40.0,14.0,32.0,0,14.0,320
1,10.0,40.0,1.0,26.0,0,1.0,320
2,10.0,40.0,20.0,36.0,0,20.0,320
3,10.0,40.0,12.0,33.0,1,33.0,320
4,10.0,40.0,9.0,34.0,0,9.0,320
0,20.0,40.0,11.0,39.0,0,11.0,321
1,20.0,40.0,28.0,49.0,0,28.0,321
2,20.0,40.0,8.0,39.0,1,39.0,321
3,20.0,40.0,31.0,43.0,0,31.0,321
4,20.0,40.0,20.0,37.0,0,20.0,321
5,20.0,40.0,22.0,36.0,1,36.0,321
6,20.0,40.0,9.0,42.0,0,9.0,321
7,20.0,40.0,10.0,45.0,1,45.0,321
8,20.0,40.0,28.0,51.0,0,28.0,321
9,20.0,40.0,21.0,33.0,0,21.0,321
0,68.0,60.0,74.0,50.0,1,50.0,322
1,68.0,60.0,65.0,54.0,0,65.0,322
2,68.0,60.0,73.0,56.0,1,56.0,322
3,68.0,60.0,55.0,61.0,0,55.0,322
4,68.0,60.0,77.0,69.0,0,77.0,322
5,68.0,60.0,77.0,68.0,1,68.0,322
6,68.0,60.0,68.0,61.0,1,61.0,322
7,68.0,60.0,70.0,64.0,0,70.0,322
8,68.0,60.0,62.0,73.0,1,73.0,322
9,68.0,60.0,60.0,59.0,1,59.0,322
0,80.0,60.0,84.0,58.0,0,84.0,323
1,80.0,60.0,72.0,50.0,0,72.0,323
2,80.0,60.0,75.0,70.0,1,70.0,323
3,80.0,60.0,85.0,65.0,1,65.0,323
4,80.0,60.0,88.0,53.0,0,88.0,323
5,80.0,60.0,80.0,61.0,1,61.0,323
6,80.0,60.0,75.0,63.0,0,75.0,323
7,80.0,60.0,76.0,52.0,0,76.0,323
8,80.0,60.0,74.0,68.0,0,74.0,323
9,80.0,60.0,85.0,57.0,0,85.0,323
0,60.0,64.0,72.0,58.0,0,72.0,324
1,60.0,64.0,57.0,67.0,1,67.0,324
2,60.0,64.0,71.0,61.0,1,61.0,324
3,60.0,64.0,49.0,69.0,1,69.0,324
4,60.0,64.0,66.0,62.0,1,62.0,324
5,60.0,64.0,61.0,70.0,0,61.0,324
6,60.0,64.0,48.0,66.0,1,66.0,324
7,60.0,64.0,54.0,60.0,1,60.0,324
8,60.0,64.0,55.0,69.0,1,69.0,324
9,60.0,64.0,52.0,70.0,0,52.0,324
0,20.0,40.0,15.0,45.0,0,15.0,325
1,20.0,40.0,25.0,34.0,1,34.0,325
2,20.0,40.0,11.0,48.0,1,48.0,325
3,20.0,40.0,31.0,43.0,0,31.0,325
4,20.0,40.0,34.0,37.0,0,34.0,325
0,40.0,28.0,29.0,27.0,1,27.0,326
1,40.0,28.0,43.0,29.0,0,43.0,326
2,40.0,28.0,32.0,27.0,0,32.0,326
3,40.0,28.0,39.0,31.0,0,39.0,326
4,40.0,28.0,42.0,25.0,1,25.0,326
5,40.0,28.0,39.0,26.0,0,39.0,326
6,40.0,28.0,49.0,14.0,1,14.0,326
7,40.0,28.0,42.0,34.0,1,34.0,326
8,40.0,28.0,31.0,34.0,1,34.0,326
9,40.0,28.0,45.0,19.0,1,19.0,326
0,40.0,28.0,40.0,36.0,1,36.0,327
1,40.0,28.0,49.0,17.0,1,17.0,327
2,40.0,28.0,42.0,28.0,1,28.0,327
3,40.0,28.0,45.0,40.0,0,45.0,327
4,40.0,28.0,36.0,33.0,0,36.0,327
0,40.0,10.0,55.0,5.0,1,5.0,328
1,40.0,10.0,57.0,11.0,0,57.0,328
2,40.0,10.0,23.0,11.0,1,11.0,328
3,40.0,10.0,51.0,17.0,1,17.0,328
4,40.0,10.0,44.0,-4.0,1,-4.0,328
0,48.0,60.0,35.0,53.0,0,35.0,329
1,48.0,60.0,60.0,67.0,0,60.0,329
2,48.0,60.0,46.0,53.0,1,53.0,329
3,48.0,60.0,40.0,65.0,0,40.0,329
4,48.0,60.0,41.0,62.0,1,62.0,329
5,48.0,60.0,43.0,62.0,0,43.0,329
6,48.0,60.0,63.0,65.0,1,65.0,329
7,48.0,60.0,42.0,57.0,0,42.0,329
8,48.0,60.0,57.0,72.0,0,57.0,329
9,48.0,60.0,58.0,66.0,1,66.0,329
0,40.0,32.0,47.0,31.0,0,47.0,330
1,40.0,32.0,47.0,38.0,0,47.0,330
2,40.0,32.0,49.0,45.0,0,49.0,330
3,40.0,32.0,44.0,30.0,1,30.0,330
4,40.0,32.0,49.0,38.0,1,38.0,330
0,20.0,40.0,15.0,36.0,0,15.0,331
1,20.0,40.0,27.0,45.0,1,45.0,331
2,20.0,40.0,27.0,35.0,0,27.0,331
3,20.0,40.0,15.0,35.0,1,35.0,331
4,20.0,40.0,25.0,42.0,1,42.0,331
0,60.0,68.0,64.0,66.0,1,66.0,332
1,60.0,68.0,69.0,67.0,1,67.0,332
2,60.0,68.0,65.0,79.0,0,65.0,332
3,60.0,68.0,51.0,72.0,1,72.0,332
4,60.0,68.0,60.0,69.0,0,60.0,332
5,60.0,68.0,47.0,73.0,0,47.0,332
6,60.0,68.0,59.0,63.0,0,59.0,332
7,60.0,68.0,61.0,44.0,0,61.0,332
8,60.0,68.0,65.0,76.0,0,65.0,332
9,60.0,68.0,56.0,58.0,0,56.0,332
0,40.0,44.0,31.0,37.0,1,37.0,333
1,40.0,44.0,42.0,42.0,1,42.0,333
2,40.0,44.0,49.0,45.0,0,49.0,333
3,40.0,44.0,37.0,43.0,0,37.0,333
4,40.0,44.0,37.0,46.0,1,46.0,333
0,60.0,64.0,46.0,51.0,0,46.0,334
1,60.0,64.0,62.0,56.0,1,56.0,334
2,60.0,64.0,56.0,64.0,1,64.0,334
3,60.0,64.0,52.0,56.0,0,52.0,334
4,60.0,64.0,48.0,68.0,1,68.0,334
0,80.0,60.0,65.0,72.0,0,65.0,335
1,80.0,60.0,86.0,78.0,1,78.0,335
2,80.0,60.0,86.0,58.0,1,58.0,335
3,80.0,60.0,76.0,58.0,1,58.0,335
4,80.0,60.0,94.0,66.0,1,66.0,335
0,48.0,40.0,42.0,39.0,1,39.0,336
1,48.0,40.0,54.0,38.0,1,38.0,336
2,48.0,40.0,43.0,49.0,0,43.0,336
3,48.0,40.0,45.0,46.0,0,45.0,336
4,48.0,40.0,48.0,40.0,0,48.0,336
0,44.0,40.0,40.0,39.0,0,40.0,337
1,44.0,40.0,35.0,35.0,1,35.0,337
2,44.0,40.0,54.0,41.0,1,41.0,337
3,44.0,40.0,18.0,47.0,1,47.0,337
4,44.0,40.0,40.0,28.0,0,40.0,337
0,70.0,40.0,77.0,41.0,1,41.0,338
1,70.0,40.0,64.0,32.0,0,64.0,338
2,70.0,40.0,59.0,69.0,0,59.0,338
3,70.0,40.0,72.0,43.0,1,43.0,338
4,70.0,40.0,68.0,41.0,1,41.0,338
5,70.0,40.0,65.0,27.0,1,27.0,338
6,70.0,40.0,65.0,52.0,0,65.0,338
7,70.0,40.0,72.0,53.0,1,53.0,338
8,70.0,40.0,71.0,37.0,1,37.0,338
9,70.0,40.0,65.0,35.0,1,35.0,338
0,60.0,48.0,50.0,49.0,1,49.0,339
1,60.0,48.0,53.0,49.0,1,49.0,339
2,60.0,48.0,62.0,43.0,0,62.0,339
3,60.0,48.0,55.0,48.0,0,55.0,339
4,60.0,48.0,67.0,46.0,1,46.0,339
5,60.0,48.0,65.0,57.0,1,57.0,339
6,60.0,48.0,60.0,57.0,0,60.0,339
7,60.0,48.0,56.0,57.0,1,57.0,339
8,60.0,48.0,45.0,46.0,0,45.0,339
9,60.0,48.0,62.0,54.0,1,54.0,339
0,60.0,30.0,64.0,37.0,0,64.0,340
1,60.0,30.0,54.0,19.0,1,19.0,340
2,60.0,30.0,66.0,21.0,0,66.0,340
3,60.0,30.0,36.0,42.0,0,36.0,340
4,60.0,30.0,64.0,26.0,1,26.0,340
0,52.0,60.0,69.0,53.0,0,69.0,341
1,52.0,60.0,60.0,77.0,0,60.0,341
2,52.0,60.0,53.0,66.0,1,66.0,341
3,52.0,60.0,46.0,55.0,0,46.0,341
4,52.0,60.0,56.0,63.0,1,63.0,341
5,52.0,60.0,59.0,66.0,0,59.0,341
6,52.0,60.0,49.0,62.0,1,62.0,341
7,52.0,60.0,49.0,58.0,1,58.0,341
8,52.0,60.0,47.0,75.0,0,47.0,341
9,52.0,60.0,50.0,59.0,0,50.0,341
0,64.0,60.0,63.0,59.0,1,59.0,342
1,64.0,60.0,66.0,67.0,1,67.0,342
2,64.0,60.0,64.0,75.0,1,75.0,342
3,64.0,60.0,69.0,61.0,0,69.0,342
4,64.0,60.0,58.0,72.0,0,58.0,342
5,64.0,60.0,64.0,74.0,1,74.0,342
6,64.0,60.0,73.0,49.0,1,49.0,342
7,64.0,60.0,66.0,66.0,1,66.0,342
8,64.0,60.0,58.0,44.0,1,44.0,342
9,64.0,60.0,64.0,78.0,1,78.0,342
0,48.0,40.0,58.0,36.0,1,36.0,343
1,48.0,40.0,41.0,26.0,0,41.0,343
2,48.0,40.0,47.0,32.0,1,32.0,343
3,48.0,40.0,47.0,39.0,1,39.0,343
4,48.0,40.0,41.0,42.0,0,41.0,343
0,60.0,72.0,60.0,78.0,0,60.0,344
1,60.0,72.0,54.0,67.0,0,54.0,344
2,60.0,72.0,63.0,84.0,0,63.0,344
3,60.0,72.0,61.0,69.0,1,69.0,344
4,60.0,72.0,43.0,64.0,1,64.0,344
5,60.0,72.0,60.0,68.0,1,68.0,344
6,60.0,72.0,64.0,72.0,0,64.0,344
7,60.0,72.0,60.0,68.0,1,68.0,344
8,60.0,72.0,58.0,78.0,0,58.0,344
9,60.0,72.0,71.0,69.0,0,71.0,344
0,60.0,80.0,62.0,81.0,0,62.0,345
1,60.0,80.0,57.0,86.0,0,57.0,345
2,60.0,80.0,63.0,91.0,1,91.0,345
3,60.0,80.0,52.0,81.0,0,52.0,345
4,60.0,80.0,55.0,72.0,0,55.0,345
5,60.0,80.0,57.0,80.0,1,80.0,345
6,60.0,80.0,80.0,82.0,0,80.0,345
7,60.0,80.0,65.0,79.0,1,79.0,345
8,60.0,80.0,61.0,80.0,1,80.0,345
9,60.0,80.0,47.0,74.0,1,74.0,345
0,48.0,60.0,45.0,60.0,0,45.0,346
1,48.0,60.0,41.0,59.0,0,41.0,346
2,48.0,60.0,46.0,67.0,1,67.0,346
3,48.0,60.0,42.0,43.0,0,42.0,346
4,48.0,60.0,52.0,75.0,0,52.0,346
5,48.0,60.0,51.0,51.0,1,51.0,346
6,48.0,60.0,48.0,66.0,0,48.0,346
7,48.0,60.0,37.0,79.0,0,37.0,346
8,48.0,60.0,49.0,49.0,1,49.0,346
9,48.0,60.0,47.0,61.0,1,61.0,346
0,60.0,48.0,81.0,25.0,0,81.0,347
1,60.0,48.0,60.0,52.0,0,60.0,347
2,60.0,48.0,57.0,60.0,1,60.0,347
3,60.0,48.0,51.0,52.0,1,52.0,347
4,60.0,48.0,52.0,49.0,0,52.0,347
0,44.0,40.0,49.0,31.0,0,49.0,348
1,44.0,40.0,40.0,47.0,1,47.0,348
2,44.0,40.0,45.0,39.0,0,45.0,348
3,44.0,40.0,43.0,37.0,0,43.0,348
4,44.0,40.0,35.0,42.0,1,42.0,348
0,40.0,60.0,43.0,72.0,1,72.0,349
1,40.0,60.0,50.0,71.0,0,50.0,349
2,40.0,60.0,32.0,56.0,0,32.0,349
3,40.0,60.0,40.0,67.0,0,40.0,349
4,40.0,60.0,55.0,64.0,0,55.0,349
5,40.0,60.0,36.0,55.0,1,55.0,349
6,40.0,60.0,49.0,78.0,0,49.0,349
7,40.0,60.0,35.0,76.0,1,76.0,349
8,40.0,60.0,34.0,64.0,1,64.0,349
9,40.0,60.0,43.0,55.0,0,43.0,349
0,48.0,60.0,39.0,64.0,0,39.0,350
1,48.0,60.0,52.0,61.0,1,61.0,350
2,48.0,60.0,56.0,74.0,0,56.0,350
3,48.0,60.0,38.0,64.0,1,64.0,350
4,48.0,60.0,42.0,61.0,0,42.0,350
0,40.0,48.0,44.0,49.0,0,44.0,351
1,40.0,48.0,41.0,44.0,1,44.0,351
2,40.0,48.0,34.0,47.0,1,47.0,351
3,40.0,48.0,32.0,36.0,0,32.0,351
4,40.0,48.0,36.0,56.0,0,36.0,351
0,40.0,60.0,45.0,42.0,1,42.0,352
1,40.0,60.0,46.0,42.0,0,46.0,352
2,40.0,60.0,44.0,54.0,1,54.0,352
3,40.0,60.0,44.0,48.0,0,44.0,352
4,40.0,60.0,41.0,55.0,1,55.0,352
0,40.0,32.0,41.0,40.0,1,40.0,353
1,40.0,32.0,40.0,25.0,0,40.0,353
2,40.0,32.0,39.0,17.0,1,17.0,353
3,40.0,32.0,38.0,23.0,0,38.0,353
4,40.0,32.0,35.0,29.0,0,35.0,353
5,40.0,32.0,30.0,39.0,1,39.0,353
6,40.0,32.0,53.0,31.0,0,53.0,353
7,40.0,32.0,54.0,25.0,1,25.0,353
8,40.0,32.0,43.0,26.0,0,43.0,353
9,40.0,32.0,44.0,25.0,1,25.0,353
0,60.0,56.0,65.0,65.0,0,65.0,354
1,60.0,56.0,67.0,83.0,1,83.0,354
2,60.0,56.0,64.0,47.0,0,64.0,354
3,60.0,56.0,70.0,50.0,1,50.0,354
4,60.0,56.0,65.0,63.0,0,65.0,354
5,60.0,56.0,68.0,48.0,0,68.0,354
6,60.0,56.0,56.0,66.0,1,66.0,354
7,60.0,56.0,59.0,54.0,0,59.0,354
8,60.0,56.0,63.0,60.0,0,63.0,354
9,60.0,56.0,57.0,64.0,0,57.0,354
0,60.0,30.0,57.0,33.0,0,57.0,355
1,60.0,30.0,64.0,45.0,1,45.0,355
2,60.0,30.0,57.0,29.0,0,57.0,355
3,60.0,30.0,65.0,27.0,1,27.0,355
4,60.0,30.0,47.0,27.0,1,27.0,355
0,60.0,90.0,60.0,90.0,0,60.0,356
1,60.0,90.0,47.0,92.0,0,47.0,356
2,60.0,90.0,56.0,96.0,1,96.0,356
3,60.0,90.0,54.0,76.0,1,76.0,356
4,60.0,90.0,59.0,85.0,1,85.0,356
5,60.0,90.0,64.0,85.0,1,85.0,356
6,60.0,90.0,63.0,93.0,0,63.0,356
7,60.0,90.0,74.0,98.0,1,98.0,356
8,60.0,90.0,57.0,86.0,0,57.0,356
9,60.0,90.0,56.0,104.0,0,56.0,356
0,80.0,60.0,81.0,58.0,0,81.0,357
1,80.0,60.0,74.0,61.0,1,61.0,357
2,80.0,60.0,59.0,55.0,1,55.0,357
3,80.0,60.0,66.0,62.0,0,66.0,357
4,80.0,60.0,70.0,63.0,1,63.0,357
0,28.0,40.0,40.0,41.0,1,41.0,358
1,28.0,40.0,38.0,29.0,0,38.0,358
2,28.0,40.0,23.0,45.0,1,45.0,358
3,28.0,40.0,33.0,17.0,0,33.0,358
4,28.0,40.0,20.0,44.0,0,20.0,358
5,28.0,40.0,25.0,32.0,1,32.0,358
6,28.0,40.0,12.0,37.0,1,37.0,358
7,28.0,40.0,32.0,47.0,0,32.0,358
8,28.0,40.0,39.0,46.0,1,46.0,358
9,28.0,40.0,27.0,38.0,0,27.0,358
0,40.0,20.0,35.0,23.0,1,23.0,359
1,40.0,20.0,26.0,26.0,1,26.0,359
2,40.0,20.0,41.0,16.0,1,16.0,359
3,40.0,20.0,44.0,8.0,0,44.0,359
4,40.0,20.0,31.0,28.0,0,31.0,359
0,40.0,36.0,27.0,49.0,0,27.0,360
1,40.0,36.0,38.0,47.0,0,38.0,360
2,40.0,36.0,46.0,38.0,1,38.0,360
3,40.0,36.0,47.0,33.0,1,33.0,360
4,40.0,36.0,37.0,43.0,0,37.0,360
0,90.0,60.0,77.0,48.0,0,77.0,361
1,90.0,60.0,72.0,63.0,1,63.0,361
2,90.0,60.0,83.0,62.0,1,62.0,361
3,90.0,60.0,93.0,60.0,1,60.0,361
4,90.0,60.0,98.0,55.0,0,98.0,361
5,90.0,60.0,92.0,60.0,1,60.0,361
6,90.0,60.0,95.0,68.0,1,68.0,361
7,90.0,60.0,94.0,60.0,0,94.0,361
8,90.0,60.0,95.0,64.0,1,64.0,361
9,90.0,60.0,98.0,68.0,0,98.0,361
0,44.0,40.0,46.0,42.0,0,46.0,362
1,44.0,40.0,29.0,41.0,1,41.0,362
2,44.0,40.0,27.0,41.0,0,27.0,362
3,44.0,40.0,57.0,45.0,0,57.0,362
4,44.0,40.0,40.0,35.0,1,35.0,362
0,40.0,20.0,45.0,10.0,1,10.0,363
1,40.0,20.0,37.0,22.0,1,22.0,363
2,40.0,20.0,21.0,15.0,1,15.0,363
3,40.0,20.0,40.0,19.0,0,40.0,363
4,40.0,20.0,37.0,23.0,0,37.0,363
0,10.0,40.0,14.0,39.0,0,14.0,364
1,10.0,40.0,9.0,26.0,0,9.0,364
2,10.0,40.0,20.0,39.0,1,39.0,364
3,10.0,40.0,1.0,46.0,0,1.0,364
4,10.0,40.0,-1.0,37.0,1,37.0,364
0,56.0,60.0,66.0,69.0,1,69.0,365
1,56.0,60.0,49.0,61.0,0,49.0,365
2,56.0,60.0,51.0,73.0,0,51.0,365
3,56.0,60.0,56.0,56.0,1,56.0,365
4,56.0,60.0,62.0,69.0,0,62.0,365
5,56.0,60.0,53.0,60.0,0,53.0,365
6,56.0,60.0,56.0,58.0,0,56.0,365
7,56.0,60.0,56.0,63.0,1,63.0,365
8,56.0,60.0,49.0,55.0,1,55.0,365
9,56.0,60.0,65.0,64.0,0,65.0,365
0,40.0,28.0,48.0,16.0,1,16.0,366
1,40.0,28.0,35.0,41.0,1,41.0,366
2,40.0,28.0,33.0,25.0,0,33.0,366
3,40.0,28.0,47.0,29.0,1,29.0,366
4,40.0,28.0,42.0,19.0,0,42.0,366
5,40.0,28.0,50.0,17.0,0,50.0,366
6,40.0,28.0,40.0,28.0,0,40.0,366
7,40.0,28.0,35.0,30.0,0,35.0,366
8,40.0,28.0,40.0,43.0,1,43.0,366
9,40.0,28.0,33.0,32.0,1,32.0,366
0,80.0,60.0,82.0,58.0,0,82.0,367
1,80.0,60.0,83.0,55.0,1,55.0,367
2,80.0,60.0,70.0,67.0,0,70.0,367
3,80.0,60.0,74.0,70.0,0,74.0,367
4,80.0,60.0,77.0,73.0,0,77.0,367
5,80.0,60.0,80.0,50.0,0,80.0,367
6,80.0,60.0,87.0,60.0,1,60.0,367
7,80.0,60.0,76.0,70.0,0,76.0,367
8,80.0,60.0,93.0,66.0,1,66.0,367
9,80.0,60.0,82.0,64.0,1,64.0,367
0,72.0,60.0,74.0,49.0,1,49.0,368
1,72.0,60.0,92.0,51.0,1,51.0,368
2,72.0,60.0,93.0,44.0,1,44.0,368
3,72.0,60.0,70.0,59.0,0,70.0,368
4,72.0,60.0,69.0,70.0,1,70.0,368
5,72.0,60.0,93.0,58.0,1,58.0,368
6,72.0,60.0,80.0,53.0,1,53.0,368
7,72.0,60.0,65.0,62.0,1,62.0,368
8,72.0,60.0,71.0,46.0,1,46.0,368
9,72.0,60.0,69.0,55.0,1,55.0,368
0,48.0,40.0,45.0,53.0,0,45.0,369
1,48.0,40.0,64.0,44.0,1,44.0,369
2,48.0,40.0,52.0,28.0,0,52.0,369
3,48.0,40.0,28.0,60.0,1,60.0,369
4,48.0,40.0,44.0,53.0,0,44.0,369
5,48.0,40.0,57.0,37.0,0,57.0,369
6,48.0,40.0,51.0,44.0,1,44.0,369
7,48.0,40.0,40.0,36.0,1,36.0,369
8,48.0,40.0,44.0,43.0,1,43.0,369
9,48.0,40.0,40.0,44.0,0,40.0,369
0,60.0,52.0,61.0,55.0,0,61.0,370
1,60.0,52.0,45.0,51.0,0,45.0,370
2,60.0,52.0,57.0,64.0,0,57.0,370
3,60.0,52.0,68.0,42.0,1,42.0,370
4,60.0,52.0,54.0,59.0,1,59.0,370
5,60.0,52.0,46.0,43.0,0,46.0,370
6,60.0,52.0,64.0,58.0,1,58.0,370
7,60.0,52.0,53.0,66.0,0,53.0,370
8,60.0,52.0,64.0,52.0,0,64.0,370
9,60.0,52.0,60.0,53.0,0,60.0,370
0,28.0,40.0,29.0,49.0,1,49.0,371
1,28.0,40.0,29.0,36.0,0,29.0,371
2,28.0,40.0,27.0,31.0,1,31.0,371
3,28.0,40.0,16.0,47.0,1,47.0,371
4,28.0,40.0,37.0,45.0,1,45.0,371
0,60.0,68.0,63.0,64.0,0,63.0,372
1,60.0,68.0,56.0,71.0,0,56.0,372
2,60.0,68.0,67.0,69.0,1,69.0,372
3,60.0,68.0,79.0,64.0,1,64.0,372
4,60.0,68.0,67.0,75.0,0,67.0,372
5,60.0,68.0,62.0,66.0,1,66.0,372
6,60.0,68.0,71.0,78.0,0,71.0,372
7,60.0,68.0,58.0,78.0,1,78.0,372
8,60.0,68.0,52.0,54.0,0,52.0,372
9,60.0,68.0,54.0,69.0,0,54.0,372
0,28.0,40.0,36.0,37.0,0,36.0,373
1,28.0,40.0,19.0,46.0,0,19.0,373
2,28.0,40.0,40.0,27.0,0,40.0,373
3,28.0,40.0,33.0,37.0,1,37.0,373
4,28.0,40.0,23.0,27.0,1,27.0,373
5,28.0,40.0,28.0,28.0,1,28.0,373
6,28.0,40.0,27.0,30.0,0,27.0,373
7,28.0,40.0,32.0,26.0,1,26.0,373
8,28.0,40.0,26.0,49.0,0,26.0,373
9,28.0,40.0,31.0,45.0,0,31.0,373
0,60.0,72.0,52.0,62.0,1,62.0,374
1,60.0,72.0,56.0,73.0,0,56.0,374
2,60.0,72.0,50.0,63.0,1,63.0,374
3,60.0,72.0,69.0,79.0,0,69.0,374
4,60.0,72.0,49.0,69.0,0,49.0,374
0,48.0,40.0,53.0,46.0,0,53.0,375
1,48.0,40.0,51.0,40.0,0,51.0,375
2,48.0,40.0,50.0,35.0,1,35.0,375
3,48.0,40.0,51.0,45.0,0,51.0,375
4,48.0,40.0,44.0,50.0,0,44.0,375
0,72.0,60.0,66.0,55.0,1,55.0,376
1,72.0,60.0,70.0,57.0,1,57.0,376
2,72.0,60.0,82.0,60.0,1,60.0,376
3,72.0,60.0,68.0,66.0,0,68.0,376
4,72.0,60.0,71.0,63.0,0,71.0,376
5,72.0,60.0,71.0,57.0,0,71.0,376
6,72.0,60.0,69.0,69.0,1,69.0,376
7,72.0,60.0,75.0,72.0,1,72.0,376
8,72.0,60.0,68.0,61.0,0,68.0,376
9,72.0,60.0,68.0,55.0,0,68.0,376
0,48.0,40.0,39.0,50.0,1,50.0,377
1,48.0,40.0,36.0,48.0,0,36.0,377
2,48.0,40.0,54.0,43.0,0,54.0,377
3,48.0,40.0,55.0,47.0,1,47.0,377
4,48.0,40.0,31.0,39.0,0,31.0,377
5,48.0,40.0,37.0,40.0,1,40.0,377
6,48.0,40.0,40.0,55.0,1,55.0,377
7,48.0,40.0,51.0,45.0,0,51.0,377
8,48.0,40.0,42.0,34.0,0,42.0,377
9,48.0,40.0,52.0,39.0,0,52.0,377
0,60.0,80.0,51.0,75.0,0,51.0,378
1,60.0,80.0,57.0,92.0,0,57.0,378
2,60.0,80.0,65.0,86.0,1,86.0,378
3,60.0,80.0,64.0,71.0,0,64.0,378
4,60.0,80.0,76.0,77.0,0,76.0,378
5,60.0,80.0,51.0,73.0,1,73.0,378
6,60.0,80.0,51.0,88.0,1,88.0,378
7,60.0,80.0,75.0,89.0,0,75.0,378
8,60.0,80.0,59.0,92.0,1,92.0,378
9,60.0,80.0,70.0,85.0,0,70.0,378
0,44.0,40.0,50.0,37.0,1,37.0,379
1,44.0,40.0,37.0,47.0,0,37.0,379
2,44.0,40.0,60.0,46.0,1,46.0,379
3,44.0,40.0,47.0,54.0,0,47.0,379
4,44.0,40.0,47.0,44.0,0,47.0,379
5,44.0,40.0,27.0,35.0,0,27.0,379
6,44.0,40.0,51.0,37.0,0,51.0,379
7,44.0,40.0,50.0,46.0,1,46.0,379
8,44.0,40.0,48.0,34.0,0,48.0,379
9,44.0,40.0,50.0,41.0,0,50.0,379
0,60.0,30.0,69.0,37.0,1,37.0,380
1,60.0,30.0,58.0,26.0,1,26.0,380
2,60.0,30.0,55.0,35.0,0,55.0,380
3,60.0,30.0,83.0,17.0,0,83.0,380
4,60.0,30.0,62.0,25.0,0,62.0,380
5,60.0,30.0,56.0,30.0,0,56.0,380
6,60.0,30.0,60.0,34.0,1,34.0,380
7,60.0,30.0,66.0,26.0,0,66.0,380
8,60.0,30.0,67.0,38.0,1,38.0,380
9,60.0,30.0,51.0,34.0,1,34.0,380
0,80.0,60.0,83.0,60.0,1,60.0,381
1,80.0,60.0,75.0,66.0,1,66.0,381
2,80.0,60.0,62.0,53.0,0,62.0,381
3,80.0,60.0,78.0,65.0,0,78.0,381
4,80.0,60.0,60.0,59.0,0,60.0,381
5,80.0,60.0,80.0,63.0,1,63.0,381
6,80.0,60.0,79.0,63.0,1,63.0,381
7,80.0,60.0,93.0,62.0,1,62.0,381
8,80.0,60.0,95.0,63.0,1,63.0,381
9,80.0,60.0,75.0,58.0,0,75.0,381
0,60.0,64.0,69.0,66.0,0,69.0,382
1,60.0,64.0,54.0,51.0,1,51.0,382
2,60.0,64.0,62.0,67.0,1,67.0,382
3,60.0,64.0,61.0,58.0,0,61.0,382
4,60.0,64.0,46.0,64.0,0,46.0,382
0,28.0,40.0,19.0,20.0,0,19.0,383
1,28.0,40.0,32.0,38.0,1,38.0,383
2,28.0,40.0,42.0,32.0,0,42.0,383
3,28.0,40.0,25.0,42.0,1,42.0,383
4,28.0,40.0,38.0,38.0,1,38.0,383
5,28.0,40.0,28.0,40.0,1,40.0,383
6,28.0,40.0,33.0,48.0,0,33.0,383
7,28.0,40.0,22.0,45.0,0,22.0,383
8,28.0,40.0,41.0,46.0,1,46.0,383
9,28.0,40.0,35.0,31.0,0,35.0,383
0,40.0,52.0,31.0,49.0,1,49.0,384
1,40.0,52.0,46.0,58.0,0,46.0,384
2,40.0,52.0,50.0,39.0,1,39.0,384
3,40.0,52.0,36.0,60.0,0,36.0,384
4,40.0,52.0,40.0,57.0,0,40.0,384
5,40.0,52.0,31.0,54.0,0,31.0,384
6,40.0,52.0,32.0,56.0,1,56.0,384
7,40.0,52.0,35.0,47.0,1,47.0,384
8,40.0,52.0,40.0,52.0,1,52.0,384
9,40.0,52.0,27.0,50.0,0,27.0,384
0,60.0,48.0,56.0,50.0,1,50.0,385
1,60.0,48.0,58.0,43.0,0,58.0,385
2,60.0,48.0,56.0,54.0,1,54.0,385
3,60.0,48.0,50.0,42.0,0,50.0,385
4,60.0,48.0,46.0,47.0,1,47.0,385
0,60.0,30.0,68.0,29.0,1,29.0,386
1,60.0,30.0,54.0,20.0,0,54.0,386
2,60.0,30.0,69.0,40.0,0,69.0,386
3,60.0,30.0,42.0,22.0,0,42.0,386
4,60.0,30.0,46.0,34.0,1,34.0,386
0,40.0,70.0,36.0,73.0,0,36.0,387
1,40.0,70.0,44.0,73.0,1,73.0,387
2,40.0,70.0,32.0,75.0,0,32.0,387
3,40.0,70.0,50.0,76.0,1,76.0,387
4,40.0,70.0,47.0,66.0,1,66.0,387
0,60.0,56.0,57.0,57.0,0,57.0,388
1,60.0,56.0,52.0,64.0,1,64.0,388
2,60.0,56.0,66.0,38.0,0,66.0,388
3,60.0,56.0,62.0,45.0,1,45.0,388
4,60.0,56.0,64.0,46.0,0,64.0,388
0,60.0,80.0,62.0,72.0,1,72.0,389
1,60.0,80.0,53.0,82.0,1,82.0,389
2,60.0,80.0,62.0,87.0,0,62.0,389
3,60.0,80.0,60.0,77.0,0,60.0,389
4,60.0,80.0,64.0,80.0,1,80.0,389
0,56.0,60.0,54.0,57.0,0,54.0,390
1,56.0,60.0,59.0,62.0,1,62.0,390
2,56.0,60.0,58.0,67.0,1,67.0,390
3,56.0,60.0,45.0,65.0,0,45.0,390
4,56.0,60.0,61.0,57.0,0,61.0,390
5,56.0,60.0,61.0,66.0,0,61.0,390
6,56.0,60.0,53.0,69.0,0,53.0,390
7,56.0,60.0,56.0,45.0,0,56.0,390
8,56.0,60.0,59.0,65.0,0,59.0,390
9,56.0,60.0,65.0,52.0,1,52.0,390
0,60.0,64.0,52.0,68.0,1,68.0,391
1,60.0,64.0,73.0,64.0,0,73.0,391
2,60.0,64.0,59.0,54.0,1,54.0,391
3,60.0,64.0,57.0,71.0,1,71.0,391
4,60.0,64.0,61.0,60.0,0,61.0,391
0,60.0,48.0,71.0,48.0,1,48.0,392
1,60.0,48.0,57.0,41.0,0,57.0,392
2,60.0,48.0,59.0,48.0,0,59.0,392
3,60.0,48.0,66.0,47.0,0,66.0,392
4,60.0,48.0,55.0,51.0,0,55.0,392
5,60.0,48.0,58.0,50.0,0,58.0,392
6,60.0,48.0,53.0,56.0,1,56.0,392
7,60.0,48.0,58.0,41.0,1,41.0,392
8,60.0,48.0,57.0,40.0,1,40.0,392
9,60.0,48.0,63.0,51.0,0,63.0,392
0,40.0,32.0,42.0,41.0,1,41.0,393
1,40.0,32.0,31.0,30.0,0,31.0,393
2,40.0,32.0,38.0,25.0,1,25.0,393
3,40.0,32.0,47.0,36.0,1,36.0,393
4,40.0,32.0,36.0,31.0,0,36.0,393
0,36.0,40.0,31.0,47.0,1,47.0,394
1,36.0,40.0,34.0,45.0,1,45.0,394
2,36.0,40.0,28.0,42.0,1,42.0,394
3,36.0,40.0,41.0,43.0,0,41.0,394
4,36.0,40.0,24.0,36.0,0,24.0,394
0,40.0,28.0,36.0,35.0,0,36.0,395
1,40.0,28.0,32.0,20.0,0,32.0,395
2,40.0,28.0,45.0,22.0,0,45.0,395
3,40.0,28.0,38.0,40.0,1,40.0,395
4,40.0,28.0,44.0,30.0,0,44.0,395
5,40.0,28.0,36.0,15.0,1,15.0,395
6,40.0,28.0,43.0,35.0,1,35.0,395
7,40.0,28.0,38.0,22.0,1,22.0,395
8,40.0,28.0,35.0,32.0,1,32.0,395
9,40.0,28.0,47.0,39.0,1,39.0,395
0,52.0,60.0,53.0,53.0,0,53.0,396
1,52.0,60.0,54.0,47.0,1,47.0,396
2,52.0,60.0,46.0,51.0,1,51.0,396
3,52.0,60.0,55.0,65.0,1,65.0,396
4,52.0,60.0,56.0,58.0,0,56.0,396
0,30.0,60.0,24.0,71.0,1,71.0,397
1,30.0,60.0,27.0,58.0,0,27.0,397
2,30.0,60.0,26.0,62.0,1,62.0,397
3,30.0,60.0,29.0,65.0,0,29.0,397
4,30.0,60.0,26.0,54.0,1,54.0,397
0,60.0,48.0,69.0,45.0,1,45.0,398
1,60.0,48.0,54.0,47.0,1,47.0,398
2,60.0,48.0,83.0,60.0,0,83.0,398
3,60.0,48.0,63.0,45.0,0,63.0,398
4,60.0,48.0,66.0,54.0,0,66.0,398
5,60.0,48.0,63.0,39.0,1,39.0,398
6,60.0,48.0,58.0,56.0,1,56.0,398
7,60.0,48.0,58.0,56.0,1,56.0,398
8,60.0,48.0,56.0,43.0,0,56.0,398
9,60.0,48.0,47.0,54.0,0,47.0,398
0,32.0,40.0,36.0,37.0,0,36.0,399
1,32.0,40.0,35.0,39.0,1,39.0,399
2,32.0,40.0,23.0,44.0,0,23.0,399
3,32.0,40.0,39.0,31.0,1,31.0,399
4,32.0,40.0,45.0,36.0,1,36.0,399
5,32.0,40.0,12.0,50.0,0,12.0,399
6,32.0,40.0,40.0,37.0,0,40.0,399
7,32.0,40.0,39.0,50.0,0,39.0,399
8,32.0,40.0,24.0,39.0,0,24.0,399
9,32.0,40.0,29.0,34.0,0,29.0,399
0,60.0,40.0,67.0,32.0,0,67.0,400
1,60.0,40.0,59.0,48.0,0,59.0,400
2,60.0,40.0,65.0,49.0,1,49.0,400
3,60.0,40.0,48.0,44.0,1,44.0,400
4,60.0,40.0,58.0,41.0,0,58.0,400
5,60.0,40.0,48.0,48.0,1,48.0,400
6,60.0,40.0,59.0,30.0,1,30.0,400
7,60.0,40.0,68.0,41.0,0,68.0,400
8,60.0,40.0,53.0,32.0,0,53.0,400
9,60.0,40.0,50.0,52.0,0,50.0,400
0,60.0,56.0,63.0,60.0,1,60.0,401
1,60.0,56.0,63.0,59.0,1,59.0,401
2,60.0,56.0,63.0,43.0,0,63.0,401
3,60.0,56.0,49.0,70.0,0,49.0,401
4,60.0,56.0,45.0,48.0,0,45.0,401
5,60.0,56.0,51.0,48.0,0,51.0,401
6,60.0,56.0,53.0,56.0,0,53.0,401
7,60.0,56.0,57.0,60.0,1,60.0,401
8,60.0,56.0,62.0,45.0,0,62.0,401
9,60.0,56.0,51.0,38.0,1,38.0,401
0,20.0,40.0,29.0,31.0,1,31.0,402
1,20.0,40.0,13.0,40.0,1,40.0,402
2,20.0,40.0,23.0,46.0,0,23.0,402
3,20.0,40.0,11.0,46.0,0,11.0,402
4,20.0,40.0,23.0,37.0,1,37.0,402
0,60.0,90.0,55.0,103.0,0,55.0,403
1,60.0,90.0,69.0,95.0,0,69.0,403
2,60.0,90.0,63.0,87.0,0,63.0,403
3,60.0,90.0,60.0,88.0,1,88.0,403
4,60.0,90.0,67.0,83.0,1,83.0,403
0,48.0,40.0,56.0,39.0,1,39.0,404
1,48.0,40.0,42.0,51.0,1,51.0,404
2,48.0,40.0,41.0,39.0,0,41.0,404
3,48.0,40.0,48.0,43.0,0,48.0,404
4,48.0,40.0,47.0,41.0,0,47.0,404
0,60.0,30.0,65.0,33.0,0,65.0,405
1,60.0,30.0,59.0,31.0,0,59.0,405
2,60.0,30.0,54.0,29.0,0,54.0,405
3,60.0,30.0,53.0,22.0,1,22.0,405
4,60.0,30.0,48.0,32.0,1,32.0,405
0,60.0,52.0,54.0,56.0,1,56.0,406
1,60.0,52.0,58.0,49.0,1,49.0,406
2,60.0,52.0,54.0,53.0,0,54.0,406
3,60.0,52.0,69.0,48.0,1,48.0,406
4,60.0,52.0,68.0,62.0,0,68.0,406
0,90.0,60.0,98.0,53.0,0,98.0,407
1,90.0,60.0,101.0,58.0,1,58.0,407
2,90.0,60.0,83.0,52.0,1,52.0,407
3,90.0,60.0,100.0,62.0,0,100.0,407
4,90.0,60.0,81.0,65.0,0,81.0,407
0,32.0,40.0,30.0,30.0,0,30.0,408
1,32.0,40.0,34.0,32.0,1,32.0,408
2,32.0,40.0,34.0,45.0,1,45.0,408
3,32.0,40.0,31.0,51.0,0,31.0,408
4,32.0,40.0,34.0,40.0,0,34.0,408
5,32.0,40.0,19.0,26.0,0,19.0,408
6,32.0,40.0,20.0,45.0,0,20.0,408
7,32.0,40.0,13.0,41.0,0,13.0,408
8,32.0,40.0,29.0,37.0,1,37.0,408
9,32.0,40.0,28.0,26.0,0,28.0,408
0,60.0,56.0,56.0,58.0,1,58.0,409
1,60.0,56.0,54.0,56.0,1,56.0,409
2,60.0,56.0,67.0,60.0,0,67.0,409
3,60.0,56.0,66.0,48.0,0,66.0,409
4,60.0,56.0,64.0,68.0,0,64.0,409
5,60.0,56.0,52.0,53.0,1,53.0,409
6,60.0,56.0,63.0,48.0,1,48.0,409
7,60.0,56.0,62.0,65.0,0,62.0,409
8,60.0,56.0,73.0,48.0,0,73.0,409
9,60.0,56.0,52.0,59.0,1,59.0,409
0,60.0,72.0,63.0,68.0,1,68.0,410
1,60.0,72.0,64.0,69.0,0,64.0,410
2,60.0,72.0,57.0,66.0,1,66.0,410
3,60.0,72.0,42.0,77.0,0,42.0,410
4,60.0,72.0,65.0,69.0,0,65.0,410
0,60.0,52.0,57.0,52.0,0,57.0,411
1,60.0,52.0,50.0,55.0,0,50.0,411
2,60.0,52.0,48.0,47.0,1,47.0,411
3,60.0,52.0,53.0,52.0,1,52.0,411
4,60.0,52.0,50.0,54.0,1,54.0,411
0,52.0,40.0,61.0,28.0,0,61.0,412
1,52.0,40.0,52.0,47.0,1,47.0,412
2,52.0,40.0,50.0,33.0,1,33.0,412
3,52.0,40.0,57.0,40.0,0,57.0,412
4,52.0,40.0,60.0,57.0,1,57.0,412
5,52.0,40.0,27.0,44.0,1,44.0,412
6,52.0,40.0,52.0,56.0,0,52.0,412
7,52.0,40.0,57.0,53.0,0,57.0,412
8,52.0,40.0,61.0,49.0,0,61.0,412
9,52.0,40.0,47.0,41.0,1,41.0,412
0,52.0,60.0,42.0,55.0,0,42.0,413
1,52.0,60.0,50.0,62.0,1,62.0,413
2,52.0,60.0,52.0,42.0,1,42.0,413
3,52.0,60.0,49.0,59.0,0,49.0,413
4,52.0,60.0,67.0,54.0,1,54.0,413
5,52.0,60.0,55.0,67.0,0,55.0,413
6,52.0,60.0,56.0,53.0,0,56.0,413
7,52.0,60.0,56.0,61.0,0,56.0,413
8,52.0,60.0,62.0,73.0,0,62.0,413
9,52.0,60.0,53.0,51.0,1,51.0,413
0,32.0,40.0,36.0,45.0,0,36.0,414
1,32.0,40.0,39.0,34.0,0,39.0,414
2,32.0,40.0,26.0,39.0,0,26.0,414
3,32.0,40.0,47.0,32.0,1,32.0,414
4,32.0,40.0,28.0,34.0,0,28.0,414
0,70.0,40.0,61.0,25.0,1,25.0,415
1,70.0,40.0,64.0,52.0,1,52.0,415
2,70.0,40.0,61.0,44.0,1,44.0,415
3,70.0,40.0,90.0,35.0,0,90.0,415
4,70.0,40.0,78.0,48.0,1,48.0,415
0,72.0,60.0,61.0,59.0,0,61.0,416
1,72.0,60.0,81.0,64.0,1,64.0,416
2,72.0,60.0,66.0,65.0,1,65.0,416
3,72.0,60.0,83.0,53.0,0,83.0,416
4,72.0,60.0,92.0,62.0,0,92.0,416
5,72.0,60.0,83.0,49.0,0,83.0,416
6,72.0,60.0,68.0,57.0,0,68.0,416
7,72.0,60.0,86.0,62.0,0,86.0,416
8,72.0,60.0,72.0,51.0,1,51.0,416
9,72.0,60.0,65.0,55.0,1,55.0,416
0,40.0,60.0,39.0,58.0,1,58.0,417
1,40.0,60.0,39.0,52.0,1,52.0,417
2,40.0,60.0,31.0,64.0,0,31.0,417
3,40.0,60.0,32.0,64.0,0,32.0,417
4,40.0,60.0,42.0,63.0,1,63.0,417
0,40.0,36.0,40.0,34.0,0,40.0,418
1,40.0,36.0,44.0,30.0,0,44.0,418
2,40.0,36.0,35.0,39.0,1,39.0,418
3,40.0,36.0,58.0,29.0,1,29.0,418
4,40.0,36.0,50.0,36.0,0,50.0,418
5,40.0,36.0,49.0,23.0,0,49.0,418
6,40.0,36.0,44.0,35.0,1,35.0,418
7,40.0,36.0,46.0,34.0,1,34.0,418
8,40.0,36.0,30.0,36.0,1,36.0,418
9,40.0,36.0,45.0,43.0,0,45.0,418
0,60.0,48.0,67.0,47.0,1,47.0,419
1,60.0,48.0,71.0,48.0,0,71.0,419
2,60.0,48.0,55.0,33.0,1,33.0,419
3,60.0,48.0,60.0,52.0,1,52.0,419
4,60.0,48.0,60.0,55.0,0,60.0,419
0,70.0,40.0,80.0,33.0,0,80.0,420
1,70.0,40.0,72.0,39.0,1,39.0,420
2,70.0,40.0,70.0,41.0,0,70.0,420
3,70.0,40.0,64.0,55.0,1,55.0,420
4,70.0,40.0,59.0,44.0,0,59.0,420
0,48.0,40.0,46.0,39.0,1,39.0,421
1,48.0,40.0,44.0,51.0,1,51.0,421
2,48.0,40.0,52.0,33.0,1,33.0,421
3,48.0,40.0,44.0,48.0,0,44.0,421
4,48.0,40.0,36.0,44.0,0,36.0,421
0,64.0,60.0,65.0,65.0,0,65.0,422
1,64.0,60.0,56.0,56.0,1,56.0,422
2,64.0,60.0,57.0,59.0,0,57.0,422
3,64.0,60.0,78.0,63.0,1,63.0,422
4,64.0,60.0,47.0,66.0,1,66.0,422
5,64.0,60.0,55.0,66.0,1,66.0,422
6,64.0,60.0,63.0,59.0,0,63.0,422
7,64.0,60.0,70.0,55.0,0,70.0,422
8,64.0,60.0,68.0,61.0,0,68.0,422
9,64.0,60.0,55.0,60.0,0,55.0,422
0,90.0,60.0,98.0,52.0,1,52.0,423
1,90.0,60.0,103.0,59.0,1,59.0,423
2,90.0,60.0,73.0,64.0,0,73.0,423
3,90.0,60.0,88.0,62.0,0,88.0,423
4,90.0,60.0,89.0,52.0,1,52.0,423
5,90.0,60.0,96.0,67.0,0,96.0,423
6,90.0,60.0,87.0,59.0,1,59.0,423
7,90.0,60.0,104.0,42.0,1,42.0,423
8,90.0,60.0,96.0,60.0,1,60.0,423
9,90.0,60.0,97.0,48.0,1,48.0,423
0,40.0,60.0,38.0,47.0,0,38.0,424
1,40.0,60.0,35.0,53.0,1,53.0,424
2,40.0,60.0,42.0,68.0,1,68.0,424
3,40.0,60.0,55.0,59.0,0,55.0,424
4,40.0,60.0,29.0,63.0,0,29.0,424
0,60.0,64.0,58.0,47.0,0,58.0,425
1,60.0,64.0,56.0,67.0,1,67.0,425
2,60.0,64.0,46.0,64.0,0,46.0,425
3,60.0,64.0,47.0,60.0,1,60.0,425
4,60.0,64.0,60.0,64.0,0,60.0,425
0,40.0,52.0,43.0,47.0,0,43.0,426
1,40.0,52.0,36.0,55.0,0,36.0,426
2,40.0,52.0,45.0,44.0,1,44.0,426
3,40.0,52.0,40.0,43.0,1,43.0,426
4,40.0,52.0,47.0,56.0,0,47.0,426
0,60.0,40.0,47.0,30.0,1,30.0,427
1,60.0,40.0,63.0,35.0,1,35.0,427
2,60.0,40.0,66.0,37.0,0,66.0,427
3,60.0,40.0,51.0,57.0,1,57.0,427
4,60.0,40.0,63.0,41.0,0,63.0,427
0,52.0,60.0,62.0,61.0,1,61.0,428
1,52.0,60.0,51.0,62.0,0,51.0,428
2,52.0,60.0,62.0,71.0,0,62.0,428
3,52.0,60.0,57.0,48.0,1,48.0,428
4,52.0,60.0,47.0,57.0,0,47.0,428
0,72.0,60.0,77.0,53.0,0,77.0,429
1,72.0,60.0,65.0,63.0,0,65.0,429
2,72.0,60.0,78.0,53.0,1,53.0,429
3,72.0,60.0,71.0,59.0,0,71.0,429
4,72.0,60.0,73.0,67.0,1,67.0,429
5,72.0,60.0,62.0,63.0,1,63.0,429
6,72.0,60.0,74.0,41.0,1,41.0,429
7,72.0,60.0,58.0,74.0,1,74.0,429
8,72.0,60.0,71.0,72.0,1,72.0,429
9,72.0,60.0,74.0,73.0,0,74.0,429
0,52.0,40.0,67.0,52.0,1,52.0,430
1,52.0,40.0,57.0,41.0,1,41.0,430
2,52.0,40.0,45.0,59.0,0,45.0,430
3,52.0,40.0,64.0,45.0,0,64.0,430
4,52.0,40.0,58.0,41.0,0,58.0,430
5,52.0,40.0,46.0,26.0,0,46.0,430
6,52.0,40.0,36.0,43.0,1,43.0,430
7,52.0,40.0,52.0,35.0,0,52.0,430
8,52.0,40.0,62.0,45.0,0,62.0,430
9,52.0,40.0,60.0,33.0,0,60.0,430
0,70.0,40.0,53.0,38.0,1,38.0,431
1,70.0,40.0,62.0,39.0,0,62.0,431
2,70.0,40.0,67.0,51.0,0,67.0,431
3,70.0,40.0,74.0,43.0,0,74.0,431
4,70.0,40.0,67.0,54.0,1,54.0,431
0,40.0,20.0,37.0,31.0,0,37.0,432
1,40.0,20.0,36.0,29.0,1,29.0,432
2,40.0,20.0,34.0,28.0,0,34.0,432
3,40.0,20.0,38.0,23.0,0,38.0,432
4,40.0,20.0,57.0,16.0,1,16.0,432
5,40.0,20.0,44.0,19.0,0,44.0,432
6,40.0,20.0,39.0,21.0,1,21.0,432
7,40.0,20.0,48.0,10.0,0,48.0,432
8,40.0,20.0,52.0,16.0,1,16.0,432
9,40.0,20.0,37.0,11.0,1,11.0,432
0,20.0,40.0,26.0,34.0,0,26.0,433
1,20.0,40.0,5.0,40.0,1,40.0,433
2,20.0,40.0,30.0,49.0,1,49.0,433
3,20.0,40.0,18.0,49.0,0,18.0,433
4,20.0,40.0,14.0,37.0,0,14.0,433
0,40.0,60.0,56.0,57.0,1,57.0,434
1,40.0,60.0,42.0,60.0,1,60.0,434
2,40.0,60.0,37.0,65.0,1,65.0,434
3,40.0,60.0,35.0,55.0,0,35.0,434
4,40.0,60.0,15.0,74.0,1,74.0,434
0,40.0,36.0,42.0,37.0,0,42.0,435
1,40.0,36.0,51.0,24.0,1,24.0,435
2,40.0,36.0,21.0,32.0,1,32.0,435
3,40.0,36.0,52.0,40.0,1,40.0,435
4,40.0,36.0,50.0,26.0,0,50.0,435
0,64.0,60.0,60.0,52.0,1,52.0,436
1,64.0,60.0,53.0,58.0,0,53.0,436
2,64.0,60.0,78.0,68.0,0,78.0,436
3,64.0,60.0,65.0,72.0,1,72.0,436
4,64.0,60.0,64.0,60.0,1,60.0,436
0,10.0,40.0,17.0,35.0,1,35.0,437
1,10.0,40.0,14.0,45.0,1,45.0,437
2,10.0,40.0,16.0,28.0,0,16.0,437
3,10.0,40.0,12.0,38.0,1,38.0,437
4,10.0,40.0,7.0,19.0,1,19.0,437
5,10.0,40.0,13.0,39.0,1,39.0,437
6,10.0,40.0,20.0,46.0,0,20.0,437
7,10.0,40.0,18.0,34.0,0,18.0,437
8,10.0,40.0,-1.0,47.0,0,-1.0,437
9,10.0,40.0,8.0,30.0,0,8.0,437
0,60.0,64.0,69.0,72.0,0,69.0,438
1,60.0,64.0,63.0,71.0,1,71.0,438
2,60.0,64.0,57.0,55.0,0,57.0,438
3,60.0,64.0,50.0,72.0,0,50.0,438
4,60.0,64.0,65.0,66.0,0,65.0,438
0,80.0,60.0,86.0,60.0,1,60.0,439
1,80.0,60.0,79.0,55.0,0,79.0,439
2,80.0,60.0,81.0,52.0,0,81.0,439
3,80.0,60.0,86.0,68.0,1,68.0,439
4,80.0,60.0,85.0,72.0,0,85.0,439
0,60.0,56.0,65.0,55.0,0,65.0,440
1,60.0,56.0,53.0,60.0,0,53.0,440
2,60.0,56.0,70.0,51.0,0,70.0,440
3,60.0,56.0,62.0,46.0,1,46.0,440
4,60.0,56.0,60.0,49.0,0,60.0,440
5,60.0,56.0,64.0,54.0,1,54.0,440
6,60.0,56.0,58.0,53.0,0,58.0,440
7,60.0,56.0,60.0,64.0,1,64.0,440
8,60.0,56.0,60.0,55.0,1,55.0,440
9,60.0,56.0,52.0,43.0,1,43.0,440
0,40.0,60.0,33.0,61.0,0,33.0,441
1,40.0,60.0,42.0,50.0,1,50.0,441
2,40.0,60.0,44.0,73.0,0,44.0,441
3,40.0,60.0,37.0,58.0,1,58.0,441
4,40.0,60.0,53.0,58.0,1,58.0,441
5,40.0,60.0,35.0,57.0,1,57.0,441
6,40.0,60.0,46.0,43.0,0,46.0,441
7,40.0,60.0,50.0,63.0,0,50.0,441
8,40.0,60.0,37.0,69.0,0,37.0,441
9,40.0,60.0,45.0,64.0,0,45.0,441
0,40.0,44.0,52.0,53.0,0,52.0,442
1,40.0,44.0,34.0,38.0,0,34.0,442
2,40.0,44.0,48.0,42.0,1,42.0,442
3,40.0,44.0,21.0,54.0,1,54.0,442
4,40.0,44.0,48.0,36.0,0,48.0,442
0,44.0,40.0,54.0,39.0,1,39.0,443
1,44.0,40.0,26.0,41.0,1,41.0,443
2,44.0,40.0,36.0,50.0,0,36.0,443
3,44.0,40.0,43.0,42.0,1,42.0,443
4,44.0,40.0,30.0,54.0,0,30.0,443
0,60.0,68.0,58.0,70.0,1,70.0,444
1,60.0,68.0,70.0,72.0,1,72.0,444
2,60.0,68.0,66.0,70.0,0,66.0,444
3,60.0,68.0,62.0,73.0,1,73.0,444
4,60.0,68.0,68.0,64.0,0,68.0,444
0,60.0,56.0,51.0,47.0,0,51.0,445
1,60.0,56.0,50.0,59.0,1,59.0,445
2,60.0,56.0,63.0,54.0,0,63.0,445
3,60.0,56.0,64.0,56.0,0,64.0,445
4,60.0,56.0,64.0,49.0,1,49.0,445
5,60.0,56.0,63.0,65.0,1,65.0,445
6,60.0,56.0,44.0,51.0,0,44.0,445
7,60.0,56.0,48.0,55.0,1,55.0,445
8,60.0,56.0,60.0,68.0,1,68.0,445
9,60.0,56.0,69.0,52.0,0,69.0,445
0,20.0,40.0,42.0,51.0,0,42.0,446
1,20.0,40.0,20.0,42.0,0,20.0,446
2,20.0,40.0,16.0,43.0,1,43.0,446
3,20.0,40.0,8.0,53.0,0,8.0,446
4,20.0,40.0,18.0,45.0,1,45.0,446
0,40.0,60.0,41.0,62.0,1,62.0,447
1,40.0,60.0,24.0,67.0,0,24.0,447
2,40.0,60.0,34.0,71.0,0,34.0,447
3,40.0,60.0,32.0,55.0,1,55.0,447
4,40.0,60.0,45.0,46.0,1,46.0,447
5,40.0,60.0,49.0,49.0,0,49.0,447
6,40.0,60.0,45.0,55.0,0,45.0,447
7,40.0,60.0,34.0,60.0,0,34.0,447
8,40.0,60.0,36.0,70.0,1,70.0,447
9,40.0,60.0,30.0,57.0,0,30.0,447
0,40.0,36.0,47.0,35.0,0,47.0,448
1,40.0,36.0,46.0,29.0,1,29.0,448
2,40.0,36.0,29.0,48.0,0,29.0,448
3,40.0,36.0,39.0,34.0,1,34.0,448
4,40.0,36.0,35.0,39.0,1,39.0,448
5,40.0,36.0,40.0,39.0,1,39.0,448
6,40.0,36.0,28.0,38.0,1,38.0,448
7,40.0,36.0,47.0,23.0,0,47.0,448
8,40.0,36.0,44.0,32.0,0,44.0,448
9,40.0,36.0,46.0,44.0,1,44.0,448
0,60.0,30.0,58.0,34.0,1,34.0,449
1,60.0,30.0,58.0,46.0,1,46.0,449
2,60.0,30.0,66.0,30.0,0,66.0,449
3,60.0,30.0,51.0,22.0,0,51.0,449
4,60.0,30.0,55.0,39.0,0,55.0,449
5,60.0,30.0,65.0,28.0,1,28.0,449
6,60.0,30.0,63.0,35.0,1,35.0,449
7,60.0,30.0,53.0,40.0,1,40.0,449
8,60.0,30.0,44.0,21.0,0,44.0,449
9,60.0,30.0,60.0,30.0,0,60.0,449
0,60.0,40.0,52.0,29.0,0,52.0,450
1,60.0,40.0,65.0,34.0,1,34.0,450
2,60.0,40.0,76.0,35.0,0,76.0,450
3,60.0,40.0,73.0,36.0,1,36.0,450
4,60.0,40.0,73.0,38.0,1,38.0,450
0,60.0,40.0,54.0,44.0,0,54.0,451
1,60.0,40.0,68.0,23.0,1,23.0,451
2,60.0,40.0,69.0,51.0,1,51.0,451
3,60.0,40.0,56.0,38.0,1,38.0,451
4,60.0,40.0,62.0,40.0,1,40.0,451
5,60.0,40.0,55.0,47.0,0,55.0,451
6,60.0,40.0,59.0,44.0,1,44.0,451
7,60.0,40.0,54.0,27.0,1,27.0,451
8,60.0,40.0,54.0,46.0,0,54.0,451
9,60.0,40.0,63.0,37.0,0,63.0,451
0,44.0,40.0,45.0,35.0,0,45.0,452
1,44.0,40.0,55.0,39.0,0,55.0,452
2,44.0,40.0,42.0,36.0,0,42.0,452
3,44.0,40.0,52.0,41.0,1,41.0,452
4,44.0,40.0,39.0,49.0,1,49.0,452
0,60.0,68.0,59.0,56.0,1,56.0,453
1,60.0,68.0,66.0,58.0,1,58.0,453
2,60.0,68.0,58.0,65.0,0,58.0,453
3,60.0,68.0,61.0,76.0,1,76.0,453
4,60.0,68.0,56.0,73.0,0,56.0,453
5,60.0,68.0,67.0,73.0,1,73.0,453
6,60.0,68.0,53.0,73.0,0,53.0,453
7,60.0,68.0,63.0,79.0,0,63.0,453
8,60.0,68.0,62.0,66.0,1,66.0,453
9,60.0,68.0,49.0,62.0,0,49.0,453
0,36.0,40.0,36.0,34.0,0,36.0,454
1,36.0,40.0,30.0,30.0,1,30.0,454
2,36.0,40.0,36.0,32.0,0,36.0,454
3,36.0,40.0,21.0,37.0,1,37.0,454
4,36.0,40.0,44.0,45.0,1,45.0,454
5,36.0,40.0,21.0,49.0,1,49.0,454
6,36.0,40.0,32.0,38.0,0,32.0,454
7,36.0,40.0,43.0,39.0,0,43.0,454
8,36.0,40.0,40.0,30.0,0,40.0,454
9,36.0,40.0,35.0,46.0,0,35.0,454
0,40.0,60.0,37.0,67.0,0,37.0,455
1,40.0,60.0,23.0,74.0,0,23.0,455
2,40.0,60.0,28.0,73.0,0,28.0,455
3,40.0,60.0,42.0,53.0,1,53.0,455
4,40.0,60.0,52.0,60.0,0,52.0,455
5,40.0,60.0,34.0,57.0,1,57.0,455
6,40.0,60.0,53.0,62.0,1,62.0,455
7,40.0,60.0,32.0,53.0,0,32.0,455
8,40.0,60.0,45.0,55.0,0,45.0,455
9,40.0,60.0,36.0,59.0,0,36.0,455
0,52.0,40.0,47.0,56.0,1,56.0,456
1,52.0,40.0,52.0,33.0,0,52.0,456
2,52.0,40.0,60.0,31.0,1,31.0,456
3,52.0,40.0,49.0,44.0,0,49.0,456
4,52.0,40.0,43.0,55.0,0,43.0,456
0,40.0,32.0,27.0,40.0,0,27.0,457
1,40.0,32.0,35.0,33.0,0,35.0,457
2,40.0,32.0,42.0,29.0,1,29.0,457
3,40.0,32.0,34.0,23.0,1,23.0,457
4,40.0,32.0,40.0,28.0,1,28.0,457
0,44.0,40.0,59.0,59.0,1,59.0,458
1,44.0,40.0,38.0,45.0,1,45.0,458
2,44.0,40.0,36.0,37.0,0,36.0,458
3,44.0,40.0,31.0,21.0,1,21.0,458
4,44.0,40.0,45.0,34.0,0,45.0,458
5,44.0,40.0,50.0,35.0,1,35.0,458
6,44.0,40.0,53.0,38.0,1,38.0,458
7,44.0,40.0,48.0,40.0,0,48.0,458
8,44.0,40.0,53.0,57.0,1,57.0,458
9,44.0,40.0,36.0,41.0,0,36.0,458
0,52.0,60.0,58.0,73.0,0,58.0,459
1,52.0,60.0,33.0,54.0,0,33.0,459
2,52.0,60.0,54.0,65.0,0,54.0,459
3,52.0,60.0,43.0,62.0,1,62.0,459
4,52.0,60.0,48.0,63.0,0,48.0,459
5,52.0,60.0,56.0,70.0,1,70.0,459
6,52.0,60.0,65.0,68.0,0,65.0,459
7,52.0,60.0,47.0,66.0,0,47.0,459
8,52.0,60.0,49.0,58.0,0,49.0,459
9,52.0,60.0,53.0,73.0,0,53.0,459
0,68.0,60.0,64.0,52.0,0,64.0,460
1,68.0,60.0,60.0,66.0,0,60.0,460
2,68.0,60.0,69.0,70.0,0,69.0,460
3,68.0,60.0,73.0,55.0,1,55.0,460
4,68.0,60.0,61.0,55.0,0,61.0,460
5,68.0,60.0,60.0,55.0,1,55.0,460
6,68.0,60.0,71.0,60.0,1,60.0,460
7,68.0,60.0,43.0,52.0,1,52.0,460
8,68.0,60.0,84.0,57.0,1,57.0,460
9,68.0,60.0,76.0,67.0,0,76.0,460
0,60.0,56.0,51.0,48.0,0,51.0,461
1,60.0,56.0,70.0,58.0,0,70.0,461
2,60.0,56.0,69.0,46.0,1,46.0,461
3,60.0,56.0,61.0,49.0,1,49.0,461
4,60.0,56.0,55.0,60.0,1,60.0,461
0,40.0,70.0,38.0,77.0,1,77.0,462
1,40.0,70.0,47.0,82.0,0,47.0,462
2,40.0,70.0,42.0,66.0,0,42.0,462
3,40.0,70.0,48.0,60.0,1,60.0,462
4,40.0,70.0,42.0,80.0,0,42.0,462
5,40.0,70.0,43.0,68.0,0,43.0,462
6,40.0,70.0,50.0,70.0,1,70.0,462
7,40.0,70.0,37.0,56.0,1,56.0,462
8,40.0,70.0,50.0,57.0,1,57.0,462
9,40.0,70.0,50.0,71.0,1,71.0,462
0,40.0,36.0,39.0,17.0,0,39.0,463
1,40.0,36.0,38.0,44.0,0,38.0,463
2,40.0,36.0,49.0,32.0,1,32.0,463
3,40.0,36.0,34.0,53.0,0,34.0,463
4,40.0,36.0,35.0,28.0,1,28.0,463
0,64.0,60.0,57.0,71.0,1,71.0,464
1,64.0,60.0,62.0,59.0,1,59.0,464
2,64.0,60.0,60.0,52.0,0,60.0,464
3,64.0,60.0,73.0,60.0,0,73.0,464
4,64.0,60.0,62.0,59.0,1,59.0,464
0,40.0,60.0,41.0,41.0,1,41.0,465
1,40.0,60.0,25.0,73.0,1,73.0,465
2,40.0,60.0,40.0,74.0,0,40.0,465
3,40.0,60.0,46.0,69.0,0,46.0,465
4,40.0,60.0,34.0,56.0,0,34.0,465
5,40.0,60.0,31.0,62.0,0,31.0,465
6,40.0,60.0,46.0,58.0,0,46.0,465
7,40.0,60.0,48.0,67.0,1,67.0,465
8,40.0,60.0,34.0,70.0,1,70.0,465
9,40.0,60.0,35.0,66.0,1,66.0,465
0,40.0,48.0,45.0,51.0,1,51.0,466
1,40.0,48.0,54.0,49.0,1,49.0,466
2,40.0,48.0,33.0,62.0,0,33.0,466
3,40.0,48.0,49.0,44.0,0,49.0,466
4,40.0,48.0,45.0,50.0,1,50.0,466
5,40.0,48.0,35.0,49.0,1,49.0,466
6,40.0,48.0,35.0,51.0,0,35.0,466
7,40.0,48.0,29.0,47.0,0,29.0,466
8,40.0,48.0,31.0,49.0,1,49.0,466
9,40.0,48.0,39.0,44.0,1,44.0,466
0,40.0,52.0,49.0,57.0,0,49.0,467
1,40.0,52.0,34.0,36.0,0,34.0,467
2,40.0,52.0,40.0,59.0,1,59.0,467
3,40.0,52.0,39.0,50.0,1,50.0,467
4,40.0,52.0,47.0,56.0,0,47.0,467
5,40.0,52.0,40.0,60.0,0,40.0,467
6,40.0,52.0,40.0,61.0,0,40.0,467
7,40.0,52.0,36.0,47.0,0,36.0,467
8,40.0,52.0,31.0,50.0,1,50.0,467
9,40.0,52.0,39.0,57.0,0,39.0,467
0,40.0,20.0,39.0,25.0,0,39.0,468
1,40.0,20.0,41.0,16.0,0,41.0,468
2,40.0,20.0,38.0,7.0,1,7.0,468
3,40.0,20.0,35.0,7.0,0,35.0,468
4,40.0,20.0,34.0,8.0,1,8.0,468
0,40.0,32.0,33.0,33.0,0,33.0,469
1,40.0,32.0,28.0,26.0,1,26.0,469
2,40.0,32.0,39.0,26.0,0,39.0,469
3,40.0,32.0,34.0,43.0,1,43.0,469
4,40.0,32.0,43.0,34.0,0,43.0,469
0,60.0,64.0,60.0,64.0,0,60.0,470
1,60.0,64.0,43.0,68.0,1,68.0,470
2,60.0,64.0,61.0,61.0,1,61.0,470
3,60.0,64.0,61.0,60.0,0,61.0,470
4,60.0,64.0,66.0,71.0,0,66.0,470
0,40.0,32.0,54.0,31.0,0,54.0,471
1,40.0,32.0,47.0,42.0,1,42.0,471
2,40.0,32.0,31.0,26.0,1,26.0,471
3,40.0,32.0,36.0,34.0,1,34.0,471
4,40.0,32.0,41.0,26.0,1,26.0,471
0,72.0,60.0,75.0,45.0,1,45.0,472
1,72.0,60.0,78.0,63.0,0,78.0,472
2,72.0,60.0,62.0,49.0,0,62.0,472
3,72.0,60.0,78.0,57.0,0,78.0,472
4,72.0,60.0,76.0,62.0,0,76.0,472
0,70.0,40.0,60.0,45.0,0,60.0,473
1,70.0,40.0,59.0,35.0,0,59.0,473
2,70.0,40.0,75.0,42.0,1,42.0,473
3,70.0,40.0,73.0,37.0,0,73.0,473
4,70.0,40.0,73.0,35.0,0,73.0,473
0,36.0,40.0,33.0,40.0,1,40.0,474
1,36.0,40.0,24.0,44.0,0,24.0,474
2,36.0,40.0,30.0,51.0,1,51.0,474
3,36.0,40.0,36.0,42.0,0,36.0,474
4,36.0,40.0,37.0,34.0,0,37.0,474
5,36.0,40.0,32.0,39.0,1,39.0,474
6,36.0,40.0,40.0,31.0,0,40.0,474
7,36.0,40.0,28.0,35.0,1,35.0,474
8,36.0,40.0,35.0,42.0,0,35.0,474
9,36.0,40.0,30.0,36.0,0,30.0,474
0,32.0,40.0,33.0,36.0,1,36.0,475
1,32.0,40.0,39.0,42.0,0,39.0,475
2,32.0,40.0,28.0,25.0,0,28.0,475
3,32.0,40.0,29.0,47.0,0,29.0,475
4,32.0,40.0,34.0,43.0,0,34.0,475
5,32.0,40.0,29.0,28.0,1,28.0,475
6,32.0,40.0,18.0,49.0,1,49.0,475
7,32.0,40.0,41.0,48.0,1,48.0,475
8,32.0,40.0,35.0,44.0,0,35.0,475
9,32.0,40.0,52.0,35.0,0,52.0,475
0,40.0,60.0,37.0,61.0,1,61.0,476
1,40.0,60.0,52.0,67.0,0,52.0,476
2,40.0,60.0,48.0,59.0,0,48.0,476
3,40.0,60.0,36.0,56.0,1,56.0,476
4,40.0,60.0,37.0,61.0,1,61.0,476
0,40.0,44.0,46.0,46.0,0,46.0,477
1,40.0,44.0,35.0,48.0,0,35.0,477
2,40.0,44.0,32.0,33.0,1,33.0,477
3,40.0,44.0,42.0,45.0,0,42.0,477
4,40.0,44.0,55.0,59.0,0,55.0,477
0,40.0,60.0,44.0,56.0,0,44.0,478
1,40.0,60.0,38.0,66.0,0,38.0,478
2,40.0,60.0,40.0,61.0,1,61.0,478
3,40.0,60.0,43.0,49.0,1,49.0,478
4,40.0,60.0,44.0,51.0,0,44.0,478
0,60.0,80.0,59.0,69.0,1,69.0,479
1,60.0,80.0,63.0,81.0,0,63.0,479
2,60.0,80.0,81.0,77.0,1,77.0,479
3,60.0,80.0,62.0,68.0,1,68.0,479
4,60.0,80.0,53.0,74.0,0,53.0,479
0,10.0,40.0,7.0,33.0,1,33.0,480
1,10.0,40.0,9.0,38.0,1,38.0,480
2,10.0,40.0,-1.0,33.0,1,33.0,480
3,10.0,40.0,14.0,47.0,0,14.0,480
4,10.0,40.0,19.0,44.0,1,44.0,480
5,10.0,40.0,8.0,35.0,1,35.0,480
6,10.0,40.0,10.0,36.0,1,36.0,480
7,10.0,40.0,5.0,31.0,0,5.0,480
8,10.0,40.0,9.0,55.0,1,55.0,480
9,10.0,40.0,22.0,32.0,1,32.0,480
0,60.0,80.0,57.0,80.0,0,57.0,481
1,60.0,80.0,60.0,80.0,1,80.0,481
2,60.0,80.0,59.0,80.0,0,59.0,481
3,60.0,80.0,61.0,89.0,0,61.0,481
4,60.0,80.0,62.0,75.0,0,62.0,481
5,60.0,80.0,69.0,87.0,1,87.0,481
6,60.0,80.0,64.0,87.0,0,64.0,481
7,60.0,80.0,49.0,76.0,0,49.0,481
8,60.0,80.0,59.0,74.0,1,74.0,481
9,60.0,80.0,53.0,83.0,0,53.0,481
0,40.0,60.0,41.0,70.0,0,41.0,482
1,40.0,60.0,46.0,67.0,1,67.0,482
2,40.0,60.0,44.0,57.0,0,44.0,482
3,40.0,60.0,39.0,60.0,0,39.0,482
4,40.0,60.0,38.0,54.0,1,54.0,482
5,40.0,60.0,51.0,67.0,1,67.0,482
6,40.0,60.0,44.0,66.0,0,44.0,482
7,40.0,60.0,39.0,73.0,1,73.0,482
8,40.0,60.0,45.0,60.0,0,45.0,482
9,40.0,60.0,21.0,71.0,0,21.0,482
0,60.0,64.0,61.0,65.0,0,61.0,483
1,60.0,64.0,55.0,64.0,1,64.0,483
2,60.0,64.0,58.0,65.0,1,65.0,483
3,60.0,64.0,62.0,64.0,0,62.0,483
4,60.0,64.0,57.0,78.0,0,57.0,483
0,36.0,40.0,43.0,26.0,0,43.0,484
1,36.0,40.0,23.0,43.0,0,23.0,484
2,36.0,40.0,40.0,44.0,0,40.0,484
3,36.0,40.0,35.0,54.0,1,54.0,484
4,36.0,40.0,34.0,58.0,0,34.0,484
0,60.0,40.0,50.0,30.0,0,50.0,485
1,60.0,40.0,49.0,36.0,0,49.0,485
2,60.0,40.0,63.0,49.0,1,49.0,485
3,60.0,40.0,64.0,42.0,1,42.0,485
4,60.0,40.0,67.0,38.0,0,67.0,485
5,60.0,40.0,64.0,42.0,1,42.0,485
6,60.0,40.0,61.0,39.0,1,39.0,485
7,60.0,40.0,45.0,30.0,1,30.0,485
8,60.0,40.0,51.0,46.0,0,51.0,485
9,60.0,40.0,60.0,57.0,0,60.0,485
0,32.0,40.0,34.0,32.0,1,32.0,486
1,32.0,40.0,35.0,39.0,1,39.0,486
2,32.0,40.0,28.0,34.0,0,28.0,486
3,32.0,40.0,22.0,41.0,0,22.0,486
4,32.0,40.0,36.0,41.0,0,36.0,486
0,32.0,40.0,46.0,36.0,0,46.0,487
1,32.0,40.0,20.0,43.0,1,43.0,487
2,32.0,40.0,25.0,42.0,0,25.0,487
3,32.0,40.0,27.0,46.0,0,27.0,487
4,32.0,40.0,36.0,37.0,0,36.0,487
5,32.0,40.0,23.0,38.0,1,38.0,487
6,32.0,40.0,23.0,50.0,0,23.0,487
7,32.0,40.0,34.0,43.0,0,34.0,487
8,32.0,40.0,27.0,43.0,0,27.0,487
9,32.0,40.0,21.0,51.0,1,51.0,487
0,72.0,60.0,75.0,65.0,1,65.0,488
1,72.0,60.0,56.0,59.0,0,56.0,488
2,72.0,60.0,58.0,48.0,0,58.0,488
3,72.0,60.0,73.0,62.0,1,62.0,488
4,72.0,60.0,71.0,54.0,0,71.0,488
5,72.0,60.0,74.0,55.0,0,74.0,488
6,72.0,60.0,65.0,63.0,0,65.0,488
7,72.0,60.0,58.0,55.0,1,55.0,488
8,72.0,60.0,69.0,45.0,1,45.0,488
9,72.0,60.0,53.0,67.0,1,67.0,488
0,40.0,32.0,42.0,23.0,0,42.0,489
1,40.0,32.0,52.0,23.0,0,52.0,489
2,40.0,32.0,40.0,31.0,1,31.0,489
3,40.0,32.0,23.0,37.0,0,23.0,489
4,40.0,32.0,23.0,42.0,1,42.0,489
0,52.0,40.0,44.0,33.0,0,44.0,490
1,52.0,40.0,53.0,30.0,1,30.0,490
2,52.0,40.0,53.0,28.0,0,53.0,490
3,52.0,40.0,44.0,37.0,0,44.0,490
4,52.0,40.0,65.0,40.0,1,40.0,490
0,60.0,40.0,67.0,23.0,1,23.0,491
1,60.0,40.0,45.0,36.0,0,45.0,491
2,60.0,40.0,51.0,47.0,0,51.0,491
3,60.0,40.0,57.0,27.0,1,27.0,491
4,60.0,40.0,61.0,32.0,1,32.0,491
5,60.0,40.0,59.0,21.0,1,21.0,491
6,60.0,40.0,59.0,45.0,1,45.0,491
7,60.0,40.0,47.0,40.0,1,40.0,491
8,60.0,40.0,41.0,58.0,1,58.0,491
9,60.0,40.0,60.0,50.0,0,60.0,491
0,40.0,10.0,33.0,14.0,0,33.0,492
1,40.0,10.0,43.0,2.0,1,2.0,492
2,40.0,10.0,36.0,9.0,0,36.0,492
3,40.0,10.0,42.0,8.0,1,8.0,492
4,40.0,10.0,36.0,4.0,0,36.0,492
5,40.0,10.0,36.0,12.0,0,36.0,492
6,40.0,10.0,39.0,10.0,1,10.0,492
7,40.0,10.0,32.0,1.0,1,1.0,492
8,40.0,10.0,38.0,-17.0,0,38.0,492
9,40.0,10.0,42.0,1.0,1,1.0,492
0,40.0,32.0,34.0,32.0,1,32.0,493
1,40.0,32.0,41.0,38.0,1,38.0,493
2,40.0,32.0,36.0,39.0,1,39.0,493
3,40.0,32.0,28.0,25.0,0,28.0,493
4,40.0,32.0,31.0,33.0,1,33.0,493
5,40.0,32.0,38.0,29.0,0,38.0,493
6,40.0,32.0,42.0,29.0,0,42.0,493
7,40.0,32.0,39.0,37.0,0,39.0,493
8,40.0,32.0,42.0,21.0,0,42.0,493
9,40.0,32.0,42.0,47.0,0,42.0,493
0,52.0,40.0,50.0,32.0,1,32.0,494
1,52.0,40.0,56.0,34.0,0,56.0,494
2,52.0,40.0,63.0,43.0,1,43.0,494
3,52.0,40.0,44.0,40.0,1,40.0,494
4,52.0,40.0,55.0,23.0,0,55.0,494
5,52.0,40.0,42.0,42.0,1,42.0,494
6,52.0,40.0,52.0,35.0,1,35.0,494
7,52.0,40.0,36.0,42.0,1,42.0,494
8,52.0,40.0,51.0,38.0,0,51.0,494
9,52.0,40.0,72.0,46.0,0,72.0,494
0,60.0,48.0,62.0,57.0,1,57.0,495
1,60.0,48.0,67.0,58.0,0,67.0,495
2,60.0,48.0,59.0,50.0,0,59.0,495
3,60.0,48.0,58.0,48.0,0,58.0,495
4,60.0,48.0,61.0,50.0,1,50.0,495
5,60.0,48.0,71.0,30.0,0,71.0,495
6,60.0,48.0,69.0,35.0,0,69.0,495
7,60.0,48.0,72.0,56.0,0,72.0,495
8,60.0,48.0,79.0,46.0,1,46.0,495
9,60.0,48.0,58.0,41.0,1,41.0,495
0,60.0,90.0,68.0,89.0,0,68.0,496
1,60.0,90.0,69.0,87.0,0,69.0,496
2,60.0,90.0,66.0,87.0,1,87.0,496
3,60.0,90.0,68.0,82.0,1,82.0,496
4,60.0,90.0,48.0,95.0,1,95.0,496
5,60.0,90.0,51.0,84.0,1,84.0,496
6,60.0,90.0,57.0,87.0,0,57.0,496
7,60.0,90.0,75.0,72.0,1,72.0,496
8,60.0,90.0,60.0,80.0,0,60.0,496
9,60.0,90.0,60.0,90.0,0,60.0,496
0,60.0,30.0,60.0,31.0,1,31.0,497
1,60.0,30.0,47.0,26.0,1,26.0,497
2,60.0,30.0,42.0,18.0,0,42.0,497
3,60.0,30.0,46.0,38.0,1,38.0,497
4,60.0,30.0,57.0,26.0,0,57.0,497
5,60.0,30.0,67.0,27.0,0,67.0,497
6,60.0,30.0,90.0,23.0,1,23.0,497
7,60.0,30.0,74.0,19.0,0,74.0,497
8,60.0,30.0,46.0,21.0,0,46.0,497
9,60.0,30.0,63.0,29.0,1,29.0,497
0,64.0,60.0,51.0,54.0,1,54.0,498
1,64.0,60.0,70.0,58.0,0,70.0,498
2,64.0,60.0,62.0,76.0,1,76.0,498
3,64.0,60.0,52.0,55.0,1,55.0,498
4,64.0,60.0,53.0,58.0,0,53.0,498
5,64.0,60.0,57.0,72.0,0,57.0,498
6,64.0,60.0,62.0,73.0,0,62.0,498
7,64.0,60.0,66.0,62.0,1,62.0,498
8,64.0,60.0,52.0,55.0,1,55.0,498
9,64.0,60.0,71.0,55.0,0,71.0,498
0,40.0,52.0,52.0,43.0,1,43.0,499
1,40.0,52.0,46.0,57.0,0,46.0,499
2,40.0,52.0,59.0,59.0,1,59.0,499
3,40.0,52.0,44.0,51.0,1,51.0,499
4,40.0,52.0,38.0,60.0,1,60.0,499
0,56.0,60.0,66.0,54.0,0,66.0,500
1,56.0,60.0,65.0,58.0,0,65.0,500
2,56.0,60.0,53.0,57.0,1,57.0,500
3,56.0,60.0,59.0,57.0,1,57.0,500
4,56.0,60.0,43.0,69.0,0,43.0,500
0,60.0,72.0,67.0,83.0,1,83.0,501
1,60.0,72.0,57.0,78.0,1,78.0,501
2,60.0,72.0,53.0,73.0,0,53.0,501
3,60.0,72.0,45.0,87.0,1,87.0,501
4,60.0,72.0,61.0,68.0,1,68.0,501
0,60.0,64.0,49.0,66.0,0,49.0,502
1,60.0,64.0,60.0,70.0,1,70.0,502
2,60.0,64.0,68.0,73.0,0,68.0,502
3,60.0,64.0,59.0,76.0,1,76.0,502
4,60.0,64.0,45.0,53.0,1,53.0,502
0,60.0,52.0,59.0,62.0,1,62.0,503
1,60.0,52.0,58.0,69.0,0,58.0,503
2,60.0,52.0,63.0,59.0,1,59.0,503
3,60.0,52.0,57.0,58.0,0,57.0,503
4,60.0,52.0,53.0,54.0,1,54.0,503
0,10.0,40.0,10.0,52.0,1,52.0,504
1,10.0,40.0,4.0,34.0,1,34.0,504
2,10.0,40.0,18.0,42.0,1,42.0,504
3,10.0,40.0,13.0,44.0,0,13.0,504
4,10.0,40.0,-1.0,41.0,1,41.0,504
0,40.0,28.0,39.0,15.0,0,39.0,505
1,40.0,28.0,35.0,33.0,0,35.0,505
2,40.0,28.0,36.0,28.0,1,28.0,505
3,40.0,28.0,31.0,29.0,1,29.0,505
4,40.0,28.0,46.0,22.0,0,46.0,505
5,40.0,28.0,29.0,19.0,1,19.0,505
6,40.0,28.0,40.0,38.0,0,40.0,505
7,40.0,28.0,36.0,27.0,1,27.0,505
8,40.0,28.0,43.0,23.0,0,43.0,505
9,40.0,28.0,40.0,33.0,0,40.0,505
0,60.0,56.0,70.0,69.0,1,69.0,506
1,60.0,56.0,57.0,48.0,0,57.0,506
2,60.0,56.0,58.0,39.0,0,58.0,506
3,60.0,56.0,73.0,45.0,1,45.0,506
4,60.0,56.0,64.0,65.0,0,64.0,506
5,60.0,56.0,63.0,37.0,1,37.0,506
6,60.0,56.0,68.0,50.0,1,50.0,506
7,60.0,56.0,56.0,54.0,0,56.0,506
8,60.0,56.0,65.0,53.0,0,65.0,506
9,60.0,56.0,70.0,51.0,1,51.0,506
0,40.0,52.0,43.0,49.0,1,49.0,507
1,40.0,52.0,38.0,46.0,1,46.0,507
2,40.0,52.0,37.0,51.0,1,51.0,507
3,40.0,52.0,36.0,56.0,0,36.0,507
4,40.0,52.0,42.0,65.0,0,42.0,507
0,60.0,80.0,59.0,90.0,0,59.0,508
1,60.0,80.0,73.0,83.0,0,73.0,508
2,60.0,80.0,45.0,85.0,1,85.0,508
3,60.0,80.0,62.0,89.0,0,62.0,508
4,60.0,80.0,59.0,81.0,0,59.0,508
0,36.0,40.0,39.0,29.0,0,39.0,509
1,36.0,40.0,36.0,34.0,0,36.0,509
2,36.0,40.0,48.0,38.0,0,48.0,509
3,36.0,40.0,33.0,49.0,1,49.0,509
4,36.0,40.0,24.0,28.0,1,28.0,509
5,36.0,40.0,36.0,50.0,0,36.0,509
6,36.0,40.0,51.0,33.0,1,33.0,509
7,36.0,40.0,45.0,41.0,0,45.0,509
8,36.0,40.0,34.0,35.0,1,35.0,509
9,36.0,40.0,24.0,37.0,1,37.0,509
0,40.0,60.0,42.0,67.0,0,42.0,510
1,40.0,60.0,43.0,46.0,1,46.0,510
2,40.0,60.0,40.0,52.0,1,52.0,510
3,40.0,60.0,34.0,63.0,0,34.0,510
4,40.0,60.0,44.0,69.0,0,44.0,510
5,40.0,60.0,38.0,58.0,0,38.0,510
6,40.0,60.0,53.0,51.0,0,53.0,510
7,40.0,60.0,33.0,63.0,0,33.0,510
8,40.0,60.0,43.0,69.0,1,69.0,510
9,40.0,60.0,29.0,56.0,0,29.0,510
0,40.0,28.0,30.0,23.0,0,30.0,511
1,40.0,28.0,36.0,32.0,0,36.0,511
2,40.0,28.0,31.0,36.0,0,31.0,511
3,40.0,28.0,42.0,23.0,1,23.0,511
4,40.0,28.0,49.0,32.0,1,32.0,511
5,40.0,28.0,45.0,24.0,1,24.0,511
6,40.0,28.0,36.0,15.0,0,36.0,511
7,40.0,28.0,37.0,23.0,1,23.0,511
8,40.0,28.0,45.0,24.0,1,24.0,511
9,40.0,28.0,38.0,32.0,0,38.0,511
0,40.0,60.0,42.0,59.0,1,59.0,512
1,40.0,60.0,53.0,41.0,1,41.0,512
2,40.0,60.0,44.0,57.0,0,44.0,512
3,40.0,60.0,38.0,82.0,0,38.0,512
4,40.0,60.0,43.0,78.0,0,43.0,512
0,40.0,48.0,41.0,47.0,0,41.0,513
1,40.0,48.0,34.0,39.0,1,39.0,513
2,40.0,48.0,57.0,52.0,1,52.0,513
3,40.0,48.0,42.0,40.0,1,40.0,513
4,40.0,48.0,36.0,55.0,1,55.0,513
0,30.0,60.0,35.0,62.0,0,35.0,514
1,30.0,60.0,18.0,73.0,1,73.0,514
2,30.0,60.0,23.0,70.0,0,23.0,514
3,30.0,60.0,19.0,51.0,1,51.0,514
4,30.0,60.0,34.0,74.0,0,34.0,514
5,30.0,60.0,23.0,56.0,1,56.0,514
6,30.0,60.0,16.0,58.0,0,16.0,514
7,30.0,60.0,40.0,52.0,1,52.0,514
8,30.0,60.0,25.0,65.0,0,25.0,514
9,30.0,60.0,21.0,48.0,0,21.0,514
0,20.0,40.0,14.0,51.0,0,14.0,515
1,20.0,40.0,13.0,34.0,0,13.0,515
2,20.0,40.0,20.0,42.0,1,42.0,515
3,20.0,40.0,27.0,39.0,1,39.0,515
4,20.0,40.0,26.0,44.0,0,26.0,515
0,40.0,44.0,23.0,47.0,1,47.0,516
1,40.0,44.0,30.0,59.0,0,30.0,516
2,40.0,44.0,39.0,36.0,0,39.0,516
3,40.0,44.0,37.0,52.0,1,52.0,516
4,40.0,44.0,51.0,55.0,0,51.0,516
0,30.0,60.0,26.0,56.0,1,56.0,517
1,30.0,60.0,23.0,63.0,0,23.0,517
2,30.0,60.0,16.0,67.0,0,16.0,517
3,30.0,60.0,26.0,50.0,1,50.0,517
4,30.0,60.0,25.0,77.0,0,25.0,517
0,48.0,60.0,58.0,58.0,1,58.0,518
1,48.0,60.0,60.0,66.0,0,60.0,518
2,48.0,60.0,63.0,59.0,1,59.0,518
3,48.0,60.0,41.0,52.0,1,52.0,518
4,48.0,60.0,39.0,63.0,0,39.0,518
5,48.0,60.0,61.0,66.0,0,61.0,518
6,48.0,60.0,29.0,48.0,1,48.0,518
7,48.0,60.0,33.0,67.0,0,33.0,518
8,48.0,60.0,57.0,67.0,0,57.0,518
9,48.0,60.0,70.0,61.0,1,61.0,518
0,52.0,60.0,59.0,55.0,0,59.0,519
1,52.0,60.0,62.0,72.0,0,62.0,519
2,52.0,60.0,50.0,59.0,1,59.0,519
3,52.0,60.0,44.0,60.0,1,60.0,519
4,52.0,60.0,57.0,59.0,0,57.0,519
5,52.0,60.0,56.0,53.0,0,56.0,519
6,52.0,60.0,57.0,63.0,0,57.0,519
7,52.0,60.0,53.0,55.0,1,55.0,519
8,52.0,60.0,49.0,72.0,1,72.0,519
9,52.0,60.0,44.0,61.0,0,44.0,519
0,36.0,40.0,42.0,30.0,1,30.0,520
1,36.0,40.0,31.0,29.0,0,31.0,520
2,36.0,40.0,32.0,38.0,1,38.0,520
3,36.0,40.0,33.0,38.0,0,33.0,520
4,36.0,40.0,26.0,32.0,0,26.0,520
0,60.0,72.0,63.0,75.0,1,75.0,521
1,60.0,72.0,70.0,71.0,0,70.0,521
2,60.0,72.0,44.0,70.0,0,44.0,521
3,60.0,72.0,67.0,78.0,0,67.0,521
4,60.0,72.0,64.0,79.0,1,79.0,521
0,40.0,10.0,42.0,-5.0,1,-5.0,522
1,40.0,10.0,35.0,10.0,0,35.0,522
2,40.0,10.0,35.0,11.0,0,35.0,522
3,40.0,10.0,58.0,8.0,1,8.0,522
4,40.0,10.0,41.0,15.0,0,41.0,522
0,72.0,60.0,69.0,52.0,0,69.0,523
1,72.0,60.0,77.0,54.0,1,54.0,523
2,72.0,60.0,64.0,58.0,0,64.0,523
3,72.0,60.0,71.0,69.0,0,71.0,523
4,72.0,60.0,74.0,58.0,1,58.0,523
5,72.0,60.0,69.0,62.0,1,62.0,523
6,72.0,60.0,77.0,67.0,1,67.0,523
7,72.0,60.0,76.0,70.0,1,70.0,523
8,72.0,60.0,75.0,70.0,1,70.0,523
9,72.0,60.0,58.0,61.0,1,61.0,523
0,40.0,44.0,46.0,39.0,0,46.0,524
1,40.0,44.0,37.0,46.0,1,46.0,524
2,40.0,44.0,40.0,37.0,0,40.0,524
3,40.0,44.0,44.0,47.0,1,47.0,524
4,40.0,44.0,27.0,56.0,1,56.0,524
0,40.0,36.0,42.0,30.0,0,42.0,525
1,40.0,36.0,37.0,35.0,1,35.0,525
2,40.0,36.0,34.0,33.0,0,34.0,525
3,40.0,36.0,36.0,31.0,1,31.0,525
4,40.0,36.0,45.0,38.0,1,38.0,525
5,40.0,36.0,28.0,29.0,1,29.0,525
6,40.0,36.0,51.0,36.0,0,51.0,525
7,40.0,36.0,27.0,28.0,0,27.0,525
8,40.0,36.0,36.0,40.0,0,36.0,525
9,40.0,36.0,45.0,23.0,0,45.0,525
0,20.0,40.0,24.0,38.0,1,38.0,526
1,20.0,40.0,17.0,24.0,1,24.0,526
2,20.0,40.0,16.0,26.0,0,16.0,526
3,20.0,40.0,16.0,30.0,1,30.0,526
4,20.0,40.0,10.0,47.0,0,10.0,526
0,48.0,60.0,63.0,66.0,0,63.0,527
1,48.0,60.0,44.0,64.0,0,44.0,527
2,48.0,60.0,47.0,59.0,1,59.0,527
3,48.0,60.0,43.0,67.0,0,43.0,527
4,48.0,60.0,49.0,55.0,0,49.0,527
0,60.0,64.0,61.0,60.0,0,61.0,528
1,60.0,64.0,60.0,64.0,0,60.0,528
2,60.0,64.0,59.0,66.0,1,66.0,528
3,60.0,64.0,55.0,63.0,1,63.0,528
4,60.0,64.0,55.0,67.0,1,67.0,528
0,90.0,60.0,84.0,53.0,0,84.0,529
1,90.0,60.0,102.0,45.0,1,45.0,529
2,90.0,60.0,87.0,68.0,1,68.0,529
3,90.0,60.0,81.0,58.0,1,58.0,529
4,90.0,60.0,91.0,64.0,0,91.0,529
0,40.0,48.0,54.0,40.0,1,40.0,530
1,40.0,48.0,25.0,39.0,0,25.0,530
2,40.0,48.0,39.0,39.0,1,39.0,530
3,40.0,48.0,36.0,58.0,0,36.0,530
4,40.0,48.0,35.0,39.0,1,39.0,530
0,40.0,70.0,40.0,64.0,0,40.0,531
1,40.0,70.0,31.0,82.0,1,82.0,531
2,40.0,70.0,45.0,73.0,0,45.0,531
3,40.0,70.0,27.0,74.0,0,27.0,531
4,40.0,70.0,32.0,69.0,0,32.0,531
5,40.0,70.0,43.0,71.0,1,71.0,531
6,40.0,70.0,56.0,68.0,0,56.0,531
7,40.0,70.0,51.0,73.0,0,51.0,531
8,40.0,70.0,31.0,60.0,1,60.0,531
9,40.0,70.0,31.0,76.0,0,31.0,531
0,60.0,40.0,46.0,38.0,0,46.0,532
1,60.0,40.0,64.0,42.0,0,64.0,532
2,60.0,40.0,49.0,41.0,1,41.0,532
3,60.0,40.0,57.0,46.0,0,57.0,532
4,60.0,40.0,51.0,44.0,0,51.0,532
5,60.0,40.0,60.0,37.0,1,37.0,532
6,60.0,40.0,55.0,39.0,1,39.0,532
7,60.0,40.0,62.0,42.0,1,42.0,532
8,60.0,40.0,60.0,46.0,1,46.0,532
9,60.0,40.0,69.0,39.0,0,69.0,532
0,28.0,40.0,30.0,54.0,0,30.0,533
1,28.0,40.0,31.0,51.0,1,51.0,533
2,28.0,40.0,35.0,40.0,1,40.0,533
3,28.0,40.0,29.0,33.0,0,29.0,533
4,28.0,40.0,27.0,35.0,0,27.0,533
5,28.0,40.0,22.0,49.0,0,22.0,533
6,28.0,40.0,34.0,40.0,1,40.0,533
7,28.0,40.0,31.0,41.0,0,31.0,533
8,28.0,40.0,26.0,33.0,1,33.0,533
9,28.0,40.0,20.0,45.0,0,20.0,533
0,48.0,40.0,34.0,50.0,1,50.0,534
1,48.0,40.0,49.0,52.0,1,52.0,534
2,48.0,40.0,38.0,36.0,0,38.0,534
3,48.0,40.0,57.0,49.0,0,57.0,534
4,48.0,40.0,46.0,47.0,1,47.0,534
5,48.0,40.0,50.0,37.0,1,37.0,534
6,48.0,40.0,46.0,35.0,0,46.0,534
7,48.0,40.0,48.0,28.0,0,48.0,534
8,48.0,40.0,49.0,38.0,0,49.0,534
9,48.0,40.0,54.0,52.0,0,54.0,534
0,60.0,40.0,65.0,44.0,1,44.0,535
1,60.0,40.0,64.0,42.0,0,64.0,535
2,60.0,40.0,69.0,35.0,1,35.0,535
3,60.0,40.0,46.0,42.0,0,46.0,535
4,60.0,40.0,64.0,20.0,0,64.0,535
0,28.0,40.0,24.0,51.0,0,24.0,536
1,28.0,40.0,24.0,41.0,1,41.0,536
2,28.0,40.0,20.0,35.0,0,20.0,536
3,28.0,40.0,29.0,47.0,1,47.0,536
4,28.0,40.0,27.0,46.0,0,27.0,536
0,60.0,80.0,54.0,88.0,1,88.0,537
1,60.0,80.0,62.0,84.0,0,62.0,537
2,60.0,80.0,43.0,85.0,1,85.0,537
3,60.0,80.0,53.0,80.0,0,53.0,537
4,60.0,80.0,49.0,78.0,1,78.0,537
5,60.0,80.0,59.0,88.0,0,59.0,537
6,60.0,80.0,60.0,67.0,1,67.0,537
7,60.0,80.0,55.0,71.0,0,55.0,537
8,60.0,80.0,55.0,84.0,0,55.0,537
9,60.0,80.0,65.0,83.0,1,83.0,537
0,60.0,48.0,57.0,45.0,1,45.0,538
1,60.0,48.0,66.0,60.0,1,60.0,538
2,60.0,48.0,68.0,56.0,0,68.0,538
3,60.0,48.0,67.0,39.0,0,67.0,538
4,60.0,48.0,63.0,51.0,1,51.0,538
0,40.0,28.0,53.0,23.0,0,53.0,539
1,40.0,28.0,52.0,42.0,1,42.0,539
2,40.0,28.0,34.0,40.0,1,40.0,539
3,40.0,28.0,47.0,24.0,0,47.0,539
4,40.0,28.0,30.0,8.0,1,8.0,539
0,60.0,72.0,50.0,72.0,0,50.0,540
1,60.0,72.0,59.0,72.0,1,72.0,540
2,60.0,72.0,49.0,80.0,1,80.0,540
3,60.0,72.0,54.0,72.0,0,54.0,540
4,60.0,72.0,67.0,85.0,0,67.0,540
0,40.0,48.0,58.0,48.0,1,48.0,541
1,40.0,48.0,45.0,43.0,1,43.0,541
2,40.0,48.0,30.0,46.0,1,46.0,541
3,40.0,48.0,32.0,49.0,0,32.0,541
4,40.0,48.0,38.0,63.0,1,63.0,541
0,40.0,10.0,49.0,16.0,1,16.0,542
1,40.0,10.0,48.0,1.0,0,48.0,542
2,40.0,10.0,47.0,22.0,0,47.0,542
3,40.0,10.0,24.0,15.0,1,15.0,542
4,40.0,10.0,26.0,4.0,1,4.0,542
0,56.0,60.0,57.0,58.0,1,58.0,543
1,56.0,60.0,50.0,53.0,1,53.0,543
2,56.0,60.0,57.0,63.0,0,57.0,543
3,56.0,60.0,50.0,61.0,0,50.0,543
4,56.0,60.0,71.0,55.0,1,55.0,543
5,56.0,60.0,56.0,54.0,1,54.0,543
6,56.0,60.0,54.0,53.0,1,53.0,543
7,56.0,60.0,60.0,68.0,0,60.0,543
8,56.0,60.0,72.0,57.0,0,72.0,543
9,56.0,60.0,54.0,64.0,1,64.0,543
0,56.0,60.0,46.0,66.0,1,66.0,544
1,56.0,60.0,52.0,53.0,0,52.0,544
2,56.0,60.0,39.0,57.0,0,39.0,544
3,56.0,60.0,53.0,77.0,0,53.0,544
4,56.0,60.0,61.0,62.0,1,62.0,544
5,56.0,60.0,49.0,62.0,0,49.0,544
6,56.0,60.0,49.0,50.0,0,49.0,544
7,56.0,60.0,68.0,48.0,1,48.0,544
8,56.0,60.0,58.0,72.0,1,72.0,544
9,56.0,60.0,58.0,62.0,1,62.0,544
0,40.0,20.0,48.0,20.0,0,48.0,545
1,40.0,20.0,45.0,28.0,1,28.0,545
2,40.0,20.0,38.0,21.0,1,21.0,545
3,40.0,20.0,40.0,27.0,0,40.0,545
4,40.0,20.0,45.0,11.0,0,45.0,545
0,52.0,60.0,57.0,62.0,1,62.0,546
1,52.0,60.0,53.0,65.0,1,65.0,546
2,52.0,60.0,56.0,52.0,0,56.0,546
3,52.0,60.0,37.0,75.0,1,75.0,546
4,52.0,60.0,70.0,60.0,0,70.0,546
5,52.0,60.0,49.0,69.0,1,69.0,546
6,52.0,60.0,52.0,57.0,0,52.0,546
7,52.0,60.0,45.0,54.0,0,45.0,546
8,52.0,60.0,48.0,51.0,0,48.0,546
9,52.0,60.0,47.0,64.0,0,47.0,546
0,60.0,40.0,79.0,44.0,0,79.0,547
1,60.0,40.0,52.0,39.0,1,39.0,547
2,60.0,40.0,67.0,53.0,0,67.0,547
3,60.0,40.0,74.0,36.0,1,36.0,547
4,60.0,40.0,58.0,44.0,0,58.0,547
0,60.0,40.0,50.0,48.0,1,48.0,548
1,60.0,40.0,66.0,32.0,0,66.0,548
2,60.0,40.0,64.0,35.0,1,35.0,548
3,60.0,40.0,52.0,35.0,0,52.0,548
4,60.0,40.0,63.0,46.0,0,63.0,548
0,64.0,60.0,65.0,55.0,1,55.0,549
1,64.0,60.0,52.0,47.0,1,47.0,549
2,64.0,60.0,69.0,66.0,1,66.0,549
3,64.0,60.0,64.0,66.0,0,64.0,549
4,64.0,60.0,53.0,60.0,0,53.0,549
5,64.0,60.0,66.0,69.0,0,66.0,549
6,64.0,60.0,64.0,47.0,1,47.0,549
7,64.0,60.0,66.0,68.0,0,66.0,549
8,64.0,60.0,61.0,54.0,1,54.0,549
9,64.0,60.0,74.0,73.0,1,73.0,549
0,30.0,60.0,36.0,75.0,1,75.0,550
1,30.0,60.0,35.0,50.0,0,35.0,550
2,30.0,60.0,24.0,63.0,0,24.0,550
3,30.0,60.0,34.0,50.0,0,34.0,550
4,30.0,60.0,23.0,58.0,0,23.0,550
5,30.0,60.0,36.0,57.0,0,36.0,550
6,30.0,60.0,28.0,64.0,0,28.0,550
7,30.0,60.0,36.0,68.0,1,68.0,550
8,30.0,60.0,22.0,66.0,1,66.0,550
9,30.0,60.0,42.0,66.0,0,42.0,550
0,48.0,40.0,56.0,45.0,1,45.0,551
1,48.0,40.0,39.0,40.0,0,39.0,551
2,48.0,40.0,53.0,35.0,1,35.0,551
3,48.0,40.0,60.0,47.0,1,47.0,551
4,48.0,40.0,40.0,41.0,1,41.0,551
5,48.0,40.0,45.0,40.0,0,45.0,551
6,48.0,40.0,39.0,43.0,1,43.0,551
7,48.0,40.0,51.0,35.0,0,51.0,551
8,48.0,40.0,62.0,39.0,0,62.0,551
9,48.0,40.0,51.0,44.0,1,44.0,551
0,40.0,52.0,37.0,52.0,0,37.0,552
1,40.0,52.0,36.0,60.0,1,60.0,552
2,40.0,52.0,45.0,67.0,0,45.0,552
3,40.0,52.0,45.0,56.0,1,56.0,552
4,40.0,52.0,54.0,56.0,1,56.0,552
5,40.0,52.0,45.0,42.0,1,42.0,552
6,40.0,52.0,28.0,67.0,0,28.0,552
7,40.0,52.0,37.0,56.0,1,56.0,552
8,40.0,52.0,34.0,44.0,0,34.0,552
9,40.0,52.0,40.0,51.0,0,40.0,552
0,40.0,44.0,46.0,45.0,0,46.0,553
1,40.0,44.0,27.0,37.0,0,27.0,553
2,40.0,44.0,37.0,44.0,1,44.0,553
3,40.0,44.0,31.0,56.0,0,31.0,553
4,40.0,44.0,30.0,45.0,1,45.0,553
5,40.0,44.0,30.0,36.0,1,36.0,553
6,40.0,44.0,49.0,39.0,1,39.0,553
7,40.0,44.0,38.0,37.0,1,37.0,553
8,40.0,44.0,44.0,38.0,0,44.0,553
9,40.0,44.0,43.0,53.0,0,43.0,553
0,48.0,60.0,45.0,74.0,1,74.0,554
1,48.0,60.0,49.0,66.0,0,49.0,554
2,48.0,60.0,42.0,51.0,1,51.0,554
3,48.0,60.0,57.0,57.0,1,57.0,554
4,48.0,60.0,51.0,61.0,0,51.0,554
0,40.0,48.0,46.0,55.0,1,55.0,555
1,40.0,48.0,44.0,54.0,0,44.0,555
2,40.0,48.0,51.0,50.0,1,50.0,555
3,40.0,48.0,37.0,40.0,0,37.0,555
4,40.0,48.0,45.0,40.0,0,45.0,555
5,40.0,48.0,28.0,45.0,0,28.0,555
6,40.0,48.0,30.0,38.0,0,30.0,555
7,40.0,48.0,35.0,59.0,1,59.0,555
8,40.0,48.0,45.0,57.0,0,45.0,555
9,40.0,48.0,38.0,38.0,0,38.0,555
0,36.0,40.0,25.0,40.0,1,40.0,556
1,36.0,40.0,44.0,38.0,1,38.0,556
2,36.0,40.0,31.0,33.0,0,31.0,556
3,36.0,40.0,39.0,42.0,1,42.0,556
4,36.0,40.0,28.0,43.0,0,28.0,556
5,36.0,40.0,34.0,25.0,1,25.0,556
6,36.0,40.0,45.0,38.0,1,38.0,556
7,36.0,40.0,51.0,39.0,0,51.0,556
8,36.0,40.0,46.0,35.0,0,46.0,556
9,36.0,40.0,37.0,46.0,1,46.0,556
0,60.0,30.0,56.0,27.0,0,56.0,557
1,60.0,30.0,48.0,23.0,0,48.0,557
2,60.0,30.0,54.0,30.0,0,54.0,557
3,60.0,30.0,58.0,46.0,1,46.0,557
4,60.0,30.0,65.0,30.0,1,30.0,557
0,68.0,60.0,66.0,62.0,0,66.0,558
1,68.0,60.0,68.0,61.0,0,68.0,558
2,68.0,60.0,67.0,84.0,1,84.0,558
3,68.0,60.0,77.0,50.0,0,77.0,558
4,68.0,60.0,61.0,57.0,1,57.0,558
0,40.0,48.0,36.0,51.0,1,51.0,559
1,40.0,48.0,43.0,49.0,0,43.0,559
2,40.0,48.0,38.0,51.0,1,51.0,559
3,40.0,48.0,44.0,41.0,0,44.0,559
4,40.0,48.0,24.0,48.0,1,48.0,559
0,40.0,32.0,36.0,32.0,0,36.0,560
1,40.0,32.0,48.0,39.0,1,39.0,560
2,40.0,32.0,39.0,36.0,1,36.0,560
3,40.0,32.0,44.0,41.0,0,44.0,560
4,40.0,32.0,29.0,32.0,0,29.0,560
0,60.0,68.0,58.0,75.0,0,58.0,561
1,60.0,68.0,59.0,68.0,0,59.0,561
2,60.0,68.0,75.0,62.0,1,62.0,561
3,60.0,68.0,71.0,72.0,1,72.0,561
4,60.0,68.0,56.0,71.0,1,71.0,561
5,60.0,68.0,48.0,67.0,1,67.0,561
6,60.0,68.0,58.0,63.0,1,63.0,561
7,60.0,68.0,33.0,61.0,0,33.0,561
8,60.0,68.0,57.0,72.0,0,57.0,561
9,60.0,68.0,49.0,77.0,0,49.0,561
0,60.0,40.0,47.0,40.0,0,47.0,562
1,60.0,40.0,52.0,48.0,0,52.0,562
2,60.0,40.0,55.0,42.0,1,42.0,562
3,60.0,40.0,59.0,61.0,0,59.0,562
4,60.0,40.0,58.0,49.0,1,49.0,562
5,60.0,40.0,56.0,32.0,0,56.0,562
6,60.0,40.0,71.0,38.0,1,38.0,562
7,60.0,40.0,69.0,41.0,1,41.0,562
8,60.0,40.0,53.0,30.0,1,30.0,562
9,60.0,40.0,63.0,48.0,1,48.0,562
0,60.0,56.0,65.0,48.0,0,65.0,563
1,60.0,56.0,70.0,57.0,1,57.0,563
2,60.0,56.0,53.0,63.0,1,63.0,563
3,60.0,56.0,60.0,48.0,1,48.0,563
4,60.0,56.0,63.0,53.0,0,63.0,563
0,60.0,52.0,76.0,55.0,0,76.0,564
1,60.0,52.0,57.0,52.0,1,52.0,564
2,60.0,52.0,67.0,48.0,1,48.0,564
3,60.0,52.0,65.0,50.0,0,65.0,564
4,60.0,52.0,52.0,63.0,0,52.0,564
5,60.0,52.0,67.0,46.0,1,46.0,564
6,60.0,52.0,65.0,54.0,1,54.0,564
7,60.0,52.0,59.0,55.0,0,59.0,564
8,60.0,52.0,61.0,61.0,0,61.0,564
9,60.0,52.0,59.0,36.0,1,36.0,564
0,80.0,60.0,74.0,64.0,1,64.0,565
1,80.0,60.0,70.0,58.0,0,70.0,565
2,80.0,60.0,82.0,64.0,0,82.0,565
3,80.0,60.0,76.0,46.0,0,76.0,565
4,80.0,60.0,80.0,59.0,0,80.0,565
5,80.0,60.0,85.0,68.0,1,68.0,565
6,80.0,60.0,80.0,62.0,0,80.0,565
7,80.0,60.0,83.0,76.0,0,83.0,565
8,80.0,60.0,72.0,54.0,1,54.0,565
9,80.0,60.0,56.0,64.0,0,56.0,565
0,40.0,60.0,41.0,39.0,0,41.0,566
1,40.0,60.0,44.0,51.0,1,51.0,566
2,40.0,60.0,38.0,58.0,1,58.0,566
3,40.0,60.0,57.0,57.0,1,57.0,566
4,40.0,60.0,33.0,47.0,0,33.0,566
0,40.0,48.0,32.0,55.0,0,32.0,567
1,40.0,48.0,37.0,22.0,1,22.0,567
2,40.0,48.0,44.0,52.0,0,44.0,567
3,40.0,48.0,36.0,47.0,1,47.0,567
4,40.0,48.0,32.0,61.0,1,61.0,567
5,40.0,48.0,37.0,55.0,0,37.0,567
6,40.0,48.0,44.0,47.0,1,47.0,567
7,40.0,48.0,37.0,49.0,0,37.0,567
8,40.0,48.0,46.0,59.0,0,46.0,567
9,40.0,48.0,47.0,46.0,1,46.0,567
0,10.0,40.0,19.0,39.0,0,19.0,568
1,10.0,40.0,-2.0,42.0,0,-2.0,568
2,10.0,40.0,15.0,48.0,1,48.0,568
3,10.0,40.0,14.0,36.0,1,36.0,568
4,10.0,40.0,14.0,45.0,0,14.0,568
0,60.0,30.0,68.0,29.0,1,29.0,569
1,60.0,30.0,61.0,15.0,0,61.0,569
2,60.0,30.0,59.0,39.0,1,39.0,569
3,60.0,30.0,51.0,34.0,1,34.0,569
4,60.0,30.0,49.0,33.0,1,33.0,569
0,90.0,60.0,88.0,60.0,0,88.0,570
1,90.0,60.0,86.0,52.0,1,52.0,570
2,90.0,60.0,90.0,54.0,0,90.0,570
3,90.0,60.0,105.0,60.0,1,60.0,570
4,90.0,60.0,83.0,59.0,1,59.0,570
0,20.0,40.0,15.0,35.0,1,35.0,571
1,20.0,40.0,16.0,32.0,0,16.0,571
2,20.0,40.0,23.0,40.0,1,40.0,571
3,20.0,40.0,38.0,49.0,1,49.0,571
4,20.0,40.0,25.0,42.0,0,25.0,571
5,20.0,40.0,30.0,41.0,0,30.0,571
6,20.0,40.0,11.0,37.0,1,37.0,571
7,20.0,40.0,36.0,51.0,1,51.0,571
8,20.0,40.0,17.0,56.0,0,17.0,571
9,20.0,40.0,25.0,35.0,0,25.0,571
0,40.0,60.0,28.0,50.0,1,50.0,572
1,40.0,60.0,37.0,76.0,0,37.0,572
2,40.0,60.0,32.0,60.0,1,60.0,572
3,40.0,60.0,41.0,62.0,1,62.0,572
4,40.0,60.0,55.0,61.0,1,61.0,572
5,40.0,60.0,36.0,64.0,0,36.0,572
6,40.0,60.0,39.0,62.0,1,62.0,572
7,40.0,60.0,15.0,66.0,1,66.0,572
8,40.0,60.0,52.0,46.0,1,46.0,572
9,40.0,60.0,46.0,51.0,0,46.0,572
0,80.0,60.0,76.0,56.0,1,56.0,573
1,80.0,60.0,63.0,68.0,0,63.0,573
2,80.0,60.0,83.0,60.0,0,83.0,573
3,80.0,60.0,87.0,53.0,0,87.0,573
4,80.0,60.0,97.0,52.0,1,52.0,573
0,72.0,60.0,74.0,51.0,1,51.0,574
1,72.0,60.0,60.0,55.0,1,55.0,574
2,72.0,60.0,93.0,56.0,0,93.0,574
3,72.0,60.0,74.0,59.0,0,74.0,574
4,72.0,60.0,63.0,53.0,0,63.0,574
0,56.0,60.0,47.0,61.0,1,61.0,575
1,56.0,60.0,50.0,58.0,0,50.0,575
2,56.0,60.0,57.0,63.0,1,63.0,575
3,56.0,60.0,50.0,63.0,1,63.0,575
4,56.0,60.0,53.0,55.0,0,53.0,575
0,60.0,64.0,46.0,60.0,1,60.0,576
1,60.0,64.0,61.0,65.0,0,61.0,576
2,60.0,64.0,51.0,63.0,0,51.0,576
3,60.0,64.0,52.0,61.0,1,61.0,576
4,60.0,64.0,50.0,77.0,0,50.0,576
0,80.0,60.0,80.0,66.0,0,80.0,577
1,80.0,60.0,89.0,69.0,1,69.0,577
2,80.0,60.0,94.0,75.0,1,75.0,577
3,80.0,60.0,88.0,56.0,0,88.0,577
4,80.0,60.0,66.0,61.0,1,61.0,577
5,80.0,60.0,79.0,61.0,1,61.0,577
6,80.0,60.0,96.0,66.0,0,96.0,577
7,80.0,60.0,78.0,60.0,0,78.0,577
8,80.0,60.0,83.0,71.0,1,71.0,577
9,80.0,60.0,83.0,56.0,1,56.0,577
0,40.0,48.0,40.0,44.0,0,40.0,578
1,40.0,48.0,48.0,43.0,0,48.0,578
2,40.0,48.0,32.0,43.0,1,43.0,578
3,40.0,48.0,34.0,40.0,1,40.0,578
4,40.0,48.0,39.0,53.0,0,39.0,578
0,36.0,40.0,33.0,29.0,1,29.0,579
1,36.0,40.0,22.0,53.0,0,22.0,579
2,36.0,40.0,22.0,22.0,0,22.0,579
3,36.0,40.0,39.0,45.0,0,39.0,579
4,36.0,40.0,46.0,43.0,0,46.0,579
0,40.0,20.0,31.0,28.0,0,31.0,580
1,40.0,20.0,48.0,20.0,1,20.0,580
2,40.0,20.0,27.0,9.0,0,27.0,580
3,40.0,20.0,35.0,29.0,1,29.0,580
4,40.0,20.0,42.0,16.0,0,42.0,580
5,40.0,20.0,43.0,21.0,1,21.0,580
6,40.0,20.0,42.0,17.0,1,17.0,580
7,40.0,20.0,52.0,20.0,1,20.0,580
8,40.0,20.0,46.0,9.0,0,46.0,580
9,40.0,20.0,39.0,26.0,1,26.0,580
0,60.0,56.0,63.0,60.0,1,60.0,581
1,60.0,56.0,50.0,55.0,1,55.0,581
2,60.0,56.0,58.0,63.0,0,58.0,581
3,60.0,56.0,69.0,59.0,0,69.0,581
4,60.0,56.0,57.0,53.0,1,53.0,581
5,60.0,56.0,65.0,50.0,0,65.0,581
6,60.0,56.0,61.0,66.0,1,66.0,581
7,60.0,56.0,60.0,51.0,1,51.0,581
8,60.0,56.0,55.0,59.0,0,55.0,581
9,60.0,56.0,73.0,54.0,0,73.0,581
0,52.0,60.0,40.0,52.0,0,40.0,582
1,52.0,60.0,60.0,54.0,1,54.0,582
2,52.0,60.0,62.0,60.0,0,62.0,582
3,52.0,60.0,36.0,74.0,0,36.0,582
4,52.0,60.0,53.0,64.0,1,64.0,582
5,52.0,60.0,59.0,56.0,0,59.0,582
6,52.0,60.0,54.0,50.0,1,50.0,582
7,52.0,60.0,49.0,69.0,0,49.0,582
8,52.0,60.0,42.0,58.0,0,42.0,582
9,52.0,60.0,55.0,62.0,1,62.0,582
0,60.0,30.0,53.0,39.0,0,53.0,583
1,60.0,30.0,49.0,28.0,1,28.0,583
2,60.0,30.0,68.0,31.0,1,31.0,583
3,60.0,30.0,72.0,30.0,0,72.0,583
4,60.0,30.0,50.0,31.0,0,50.0,583
5,60.0,30.0,40.0,37.0,1,37.0,583
6,60.0,30.0,71.0,26.0,0,71.0,583
7,60.0,30.0,59.0,28.0,1,28.0,583
8,60.0,30.0,50.0,26.0,1,26.0,583
9,60.0,30.0,64.0,12.0,0,64.0,583
0,20.0,40.0,15.0,38.0,0,15.0,584
1,20.0,40.0,27.0,45.0,0,27.0,584
2,20.0,40.0,19.0,48.0,1,48.0,584
3,20.0,40.0,6.0,46.0,1,46.0,584
4,20.0,40.0,20.0,50.0,0,20.0,584
0,36.0,40.0,36.0,29.0,1,29.0,585
1,36.0,40.0,31.0,41.0,0,31.0,585
2,36.0,40.0,38.0,52.0,1,52.0,585
3,36.0,40.0,29.0,41.0,0,29.0,585
4,36.0,40.0,36.0,44.0,1,44.0,585
0,40.0,44.0,36.0,60.0,1,60.0,586
1,40.0,44.0,34.0,49.0,0,34.0,586
2,40.0,44.0,45.0,56.0,0,45.0,586
3,40.0,44.0,38.0,44.0,1,44.0,586
4,40.0,44.0,50.0,55.0,0,50.0,586
0,60.0,64.0,66.0,62.0,1,62.0,587
1,60.0,64.0,54.0,65.0,0,54.0,587
2,60.0,64.0,57.0,66.0,0,57.0,587
3,60.0,64.0,56.0,57.0,0,56.0,587
4,60.0,64.0,54.0,81.0,0,54.0,587
0,70.0,40.0,73.0,33.0,1,33.0,588
1,70.0,40.0,86.0,41.0,1,41.0,588
2,70.0,40.0,67.0,43.0,0,67.0,588
3,70.0,40.0,73.0,42.0,0,73.0,588
4,70.0,40.0,63.0,34.0,1,34.0,588
5,70.0,40.0,70.0,50.0,1,50.0,588
6,70.0,40.0,65.0,59.0,0,65.0,588
7,70.0,40.0,67.0,42.0,1,42.0,588
8,70.0,40.0,65.0,42.0,1,42.0,588
9,70.0,40.0,62.0,46.0,0,62.0,588
0,60.0,48.0,68.0,41.0,1,41.0,589
1,60.0,48.0,50.0,42.0,1,42.0,589
2,60.0,48.0,66.0,47.0,0,66.0,589
3,60.0,48.0,50.0,49.0,0,50.0,589
4,60.0,48.0,67.0,40.0,0,67.0,589
5,60.0,48.0,79.0,58.0,0,79.0,589
6,60.0,48.0,55.0,40.0,1,40.0,589
7,60.0,48.0,47.0,49.0,0,47.0,589
8,60.0,48.0,70.0,47.0,1,47.0,589
9,60.0,48.0,54.0,50.0,0,54.0,589
0,56.0,60.0,53.0,68.0,1,68.0,590
1,56.0,60.0,50.0,69.0,0,50.0,590
2,56.0,60.0,64.0,51.0,0,64.0,590
3,56.0,60.0,43.0,63.0,0,43.0,590
4,56.0,60.0,44.0,67.0,0,44.0,590
0,60.0,40.0,56.0,42.0,1,42.0,591
1,60.0,40.0,57.0,58.0,0,57.0,591
2,60.0,40.0,58.0,32.0,0,58.0,591
3,60.0,40.0,70.0,38.0,1,38.0,591
4,60.0,40.0,62.0,46.0,0,62.0,591
0,60.0,56.0,54.0,62.0,1,62.0,592
1,60.0,56.0,60.0,62.0,0,60.0,592
2,60.0,56.0,54.0,73.0,1,73.0,592
3,60.0,56.0,65.0,51.0,0,65.0,592
4,60.0,56.0,61.0,56.0,0,61.0,592
5,60.0,56.0,60.0,61.0,0,60.0,592
6,60.0,56.0,50.0,47.0,0,50.0,592
7,60.0,56.0,60.0,53.0,1,53.0,592
8,60.0,56.0,48.0,51.0,0,48.0,592
9,60.0,56.0,55.0,60.0,1,60.0,592
0,70.0,40.0,74.0,39.0,1,39.0,593
1,70.0,40.0,55.0,39.0,0,55.0,593
2,70.0,40.0,76.0,27.0,0,76.0,593
3,70.0,40.0,71.0,58.0,0,71.0,593
4,70.0,40.0,67.0,44.0,0,67.0,593
5,70.0,40.0,64.0,35.0,1,35.0,593
6,70.0,40.0,75.0,38.0,0,75.0,593
7,70.0,40.0,66.0,28.0,1,28.0,593
8,70.0,40.0,66.0,39.0,1,39.0,593
9,70.0,40.0,65.0,52.0,0,65.0,593
0,32.0,40.0,27.0,45.0,0,27.0,594
1,32.0,40.0,23.0,43.0,1,43.0,594
2,32.0,40.0,29.0,35.0,0,29.0,594
3,32.0,40.0,33.0,57.0,1,57.0,594
4,32.0,40.0,29.0,39.0,0,29.0,594
5,32.0,40.0,18.0,48.0,0,18.0,594
6,32.0,40.0,30.0,30.0,1,30.0,594
7,32.0,40.0,32.0,46.0,0,32.0,594
8,32.0,40.0,50.0,53.0,1,53.0,594
9,32.0,40.0,22.0,51.0,0,22.0,594
0,64.0,60.0,72.0,68.0,1,68.0,595
1,64.0,60.0,52.0,50.0,1,50.0,595
2,64.0,60.0,66.0,57.0,0,66.0,595
3,64.0,60.0,66.0,59.0,0,66.0,595
4,64.0,60.0,68.0,64.0,0,68.0,595
5,64.0,60.0,59.0,60.0,0,59.0,595
6,64.0,60.0,54.0,71.0,0,54.0,595
7,64.0,60.0,76.0,62.0,1,62.0,595
8,64.0,60.0,56.0,61.0,1,61.0,595
9,64.0,60.0,82.0,66.0,1,66.0,595
0,60.0,56.0,44.0,45.0,0,44.0,596
1,60.0,56.0,67.0,44.0,1,44.0,596
2,60.0,56.0,66.0,62.0,1,62.0,596
3,60.0,56.0,54.0,50.0,0,54.0,596
4,60.0,56.0,58.0,49.0,1,49.0,596
5,60.0,56.0,55.0,57.0,0,55.0,596
6,60.0,56.0,62.0,50.0,1,50.0,596
7,60.0,56.0,64.0,63.0,0,64.0,596
8,60.0,56.0,56.0,36.0,0,56.0,596
9,60.0,56.0,53.0,44.0,1,44.0,596
0,40.0,20.0,34.0,14.0,1,14.0,597
1,40.0,20.0,54.0,28.0,0,54.0,597
2,40.0,20.0,38.0,8.0,1,8.0,597
3,40.0,20.0,42.0,17.0,0,42.0,597
4,40.0,20.0,47.0,37.0,1,37.0,597
0,60.0,64.0,51.0,69.0,0,51.0,598
1,60.0,64.0,58.0,66.0,0,58.0,598
2,60.0,64.0,49.0,57.0,1,57.0,598
3,60.0,64.0,69.0,65.0,1,65.0,598
4,60.0,64.0,67.0,62.0,0,67.0,598
0,40.0,20.0,37.0,22.0,1,22.0,599
1,40.0,20.0,47.0,23.0,0,47.0,599
2,40.0,20.0,49.0,18.0,0,49.0,599
3,40.0,20.0,46.0,12.0,1,12.0,599
4,40.0,20.0,35.0,16.0,1,16.0,599
5,40.0,20.0,42.0,21.0,1,21.0,599
6,40.0,20.0,41.0,15.0,1,15.0,599
7,40.0,20.0,39.0,17.0,1,17.0,599
8,40.0,20.0,55.0,16.0,0,55.0,599
9,40.0,20.0,67.0,20.0,1,20.0,599
0,40.0,36.0,45.0,18.0,0,45.0,600
1,40.0,36.0,37.0,27.0,1,27.0,600
2,40.0,36.0,44.0,27.0,1,27.0,600
3,40.0,36.0,48.0,32.0,1,32.0,600
4,40.0,36.0,34.0,47.0,0,34.0,600
0,40.0,36.0,30.0,40.0,0,30.0,601
1,40.0,36.0,29.0,33.0,0,29.0,601
2,40.0,36.0,34.0,28.0,1,28.0,601
3,40.0,36.0,31.0,31.0,1,31.0,601
4,40.0,36.0,30.0,34.0,0,30.0,601
5,40.0,36.0,29.0,52.0,1,52.0,601
6,40.0,36.0,40.0,26.0,1,26.0,601
7,40.0,36.0,34.0,43.0,1,43.0,601
8,40.0,36.0,38.0,25.0,0,38.0,601
9,40.0,36.0,45.0,41.0,0,45.0,601
0,60.0,48.0,62.0,52.0,1,52.0,602
1,60.0,48.0,62.0,68.0,1,68.0,602
2,60.0,48.0,59.0,44.0,0,59.0,602
3,60.0,48.0,86.0,61.0,1,61.0,602
4,60.0,48.0,62.0,35.0,1,35.0,602
0,60.0,72.0,55.0,57.0,0,55.0,603
1,60.0,72.0,49.0,73.0,1,73.0,603
2,60.0,72.0,55.0,75.0,1,75.0,603
3,60.0,72.0,53.0,71.0,0,53.0,603
4,60.0,72.0,59.0,70.0,1,70.0,603
5,60.0,72.0,63.0,67.0,0,63.0,603
6,60.0,72.0,55.0,69.0,0,55.0,603
7,60.0,72.0,51.0,70.0,0,51.0,603
8,60.0,72.0,54.0,79.0,0,54.0,603
9,60.0,72.0,55.0,67.0,0,55.0,603
0,48.0,60.0,62.0,61.0,1,61.0,604
1,48.0,60.0,42.0,47.0,1,47.0,604
2,48.0,60.0,48.0,55.0,0,48.0,604
3,48.0,60.0,49.0,53.0,0,49.0,604
4,48.0,60.0,49.0,51.0,0,49.0,604
0,60.0,72.0,65.0,73.0,0,65.0,605
1,60.0,72.0,49.0,66.0,1,66.0,605
2,60.0,72.0,49.0,71.0,0,49.0,605
3,60.0,72.0,45.0,70.0,0,45.0,605
4,60.0,72.0,51.0,82.0,0,51.0,605
0,80.0,60.0,75.0,64.0,0,75.0,606
1,80.0,60.0,82.0,55.0,1,55.0,606
2,80.0,60.0,67.0,59.0,1,59.0,606
3,80.0,60.0,78.0,48.0,1,48.0,606
4,80.0,60.0,89.0,57.0,1,57.0,606
5,80.0,60.0,82.0,60.0,1,60.0,606
6,80.0,60.0,88.0,58.0,0,88.0,606
7,80.0,60.0,92.0,68.0,0,92.0,606
8,80.0,60.0,81.0,62.0,0,81.0,606
9,80.0,60.0,65.0,61.0,0,65.0,606
0,56.0,60.0,58.0,52.0,1,52.0,607
1,56.0,60.0,55.0,70.0,1,70.0,607
2,56.0,60.0,65.0,53.0,0,65.0,607
3,56.0,60.0,69.0,53.0,0,69.0,607
4,56.0,60.0,59.0,61.0,1,61.0,607
5,56.0,60.0,57.0,62.0,1,62.0,607
6,56.0,60.0,55.0,44.0,0,55.0,607
7,56.0,60.0,51.0,55.0,1,55.0,607
8,56.0,60.0,49.0,53.0,0,49.0,607
9,56.0,60.0,54.0,69.0,1,69.0,607
0,40.0,60.0,36.0,51.0,0,36.0,608
1,40.0,60.0,49.0,40.0,0,49.0,608
2,40.0,60.0,26.0,43.0,1,43.0,608
3,40.0,60.0,56.0,65.0,0,56.0,608
4,40.0,60.0,33.0,64.0,0,33.0,608
5,40.0,60.0,49.0,67.0,0,49.0,608
6,40.0,60.0,53.0,58.0,1,58.0,608
7,40.0,60.0,37.0,67.0,1,67.0,608
8,40.0,60.0,30.0,49.0,1,49.0,608
9,40.0,60.0,22.0,62.0,0,22.0,608
0,30.0,60.0,36.0,61.0,1,61.0,609
1,30.0,60.0,26.0,53.0,0,26.0,609
2,30.0,60.0,20.0,66.0,1,66.0,609
3,30.0,60.0,28.0,56.0,1,56.0,609
4,30.0,60.0,32.0,65.0,0,32.0,609
0,90.0,60.0,89.0,61.0,1,61.0,610
1,90.0,60.0,78.0,46.0,1,46.0,610
2,90.0,60.0,103.0,54.0,0,103.0,610
3,90.0,60.0,93.0,61.0,0,93.0,610
4,90.0,60.0,91.0,70.0,0,91.0,610
0,40.0,28.0,39.0,34.0,0,39.0,611
1,40.0,28.0,31.0,42.0,1,42.0,611
2,40.0,28.0,53.0,48.0,0,53.0,611
3,40.0,28.0,36.0,27.0,1,27.0,611
4,40.0,28.0,49.0,18.0,0,49.0,611
0,70.0,40.0,80.0,43.0,1,43.0,612
1,70.0,40.0,77.0,34.0,0,77.0,612
2,70.0,40.0,83.0,32.0,0,83.0,612
3,70.0,40.0,81.0,46.0,1,46.0,612
4,70.0,40.0,78.0,36.0,0,78.0,612
5,70.0,40.0,67.0,53.0,0,67.0,612
6,70.0,40.0,66.0,44.0,0,66.0,612
7,70.0,40.0,76.0,47.0,1,47.0,612
8,70.0,40.0,62.0,37.0,0,62.0,612
9,70.0,40.0,70.0,52.0,0,70.0,612
0,60.0,30.0,61.0,26.0,0,61.0,613
1,60.0,30.0,42.0,24.0,1,24.0,613
2,60.0,30.0,56.0,26.0,0,56.0,613
3,60.0,30.0,59.0,36.0,0,59.0,613
4,60.0,30.0,46.0,29.0,1,29.0,613
5,60.0,30.0,48.0,41.0,0,48.0,613
6,60.0,30.0,64.0,34.0,0,64.0,613
7,60.0,30.0,68.0,31.0,1,31.0,613
8,60.0,30.0,62.0,26.0,1,26.0,613
9,60.0,30.0,57.0,22.0,0,57.0,613
0,56.0,60.0,63.0,72.0,1,72.0,614
1,56.0,60.0,49.0,83.0,0,49.0,614
2,56.0,60.0,61.0,61.0,1,61.0,614
3,56.0,60.0,53.0,50.0,0,53.0,614
4,56.0,60.0,54.0,55.0,1,55.0,614
5,56.0,60.0,65.0,60.0,0,65.0,614
6,56.0,60.0,49.0,57.0,1,57.0,614
7,56.0,60.0,58.0,65.0,1,65.0,614
8,56.0,60.0,43.0,71.0,0,43.0,614
9,56.0,60.0,63.0,61.0,1,61.0,614
0,40.0,32.0,41.0,43.0,0,41.0,615
1,40.0,32.0,41.0,29.0,0,41.0,615
2,40.0,32.0,46.0,36.0,1,36.0,615
3,40.0,32.0,50.0,37.0,1,37.0,615
4,40.0,32.0,50.0,46.0,1,46.0,615
0,60.0,52.0,72.0,54.0,1,54.0,616
1,60.0,52.0,58.0,46.0,0,58.0,616
2,60.0,52.0,51.0,51.0,0,51.0,616
3,60.0,52.0,60.0,45.0,1,45.0,616
4,60.0,52.0,72.0,41.0,1,41.0,616
0,20.0,40.0,16.0,37.0,1,37.0,617
1,20.0,40.0,20.0,32.0,1,32.0,617
2,20.0,40.0,27.0,29.0,0,27.0,617
3,20.0,40.0,17.0,45.0,0,17.0,617
4,20.0,40.0,19.0,31.0,1,31.0,617
0,10.0,40.0,-1.0,40.0,1,40.0,618
1,10.0,40.0,25.0,39.0,0,25.0,618
2,10.0,40.0,13.0,30.0,1,30.0,618
3,10.0,40.0,18.0,38.0,1,38.0,618
4,10.0,40.0,8.0,47.0,0,8.0,618
0,60.0,90.0,59.0,90.0,1,90.0,619
1,60.0,90.0,56.0,96.0,0,56.0,619
2,60.0,90.0,64.0,106.0,0,64.0,619
3,60.0,90.0,54.0,92.0,1,92.0,619
4,60.0,90.0,47.0,84.0,0,47.0,619
5,60.0,90.0,59.0,84.0,1,84.0,619
6,60.0,90.0,63.0,93.0,1,93.0,619
7,60.0,90.0,56.0,80.0,1,80.0,619
8,60.0,90.0,71.0,102.0,1,102.0,619
9,60.0,90.0,68.0,104.0,1,104.0,619
0,40.0,44.0,54.0,44.0,1,44.0,620
1,40.0,44.0,26.0,36.0,0,26.0,620
2,40.0,44.0,36.0,47.0,0,36.0,620
3,40.0,44.0,34.0,45.0,0,34.0,620
4,40.0,44.0,41.0,45.0,0,41.0,620
5,40.0,44.0,37.0,35.0,1,35.0,620
6,40.0,44.0,35.0,46.0,1,46.0,620
7,40.0,44.0,40.0,36.0,1,36.0,620
8,40.0,44.0,44.0,41.0,1,41.0,620
9,40.0,44.0,44.0,44.0,0,44.0,620
0,60.0,30.0,49.0,36.0,0,49.0,621
1,60.0,30.0,64.0,20.0,0,64.0,621
2,60.0,30.0,52.0,35.0,1,35.0,621
3,60.0,30.0,69.0,30.0,1,30.0,621
4,60.0,30.0,56.0,41.0,1,41.0,621
5,60.0,30.0,72.0,32.0,1,32.0,621
6,60.0,30.0,64.0,19.0,1,19.0,621
7,60.0,30.0,67.0,32.0,1,32.0,621
8,60.0,30.0,56.0,12.0,0,56.0,621
9,60.0,30.0,63.0,38.0,0,63.0,621
0,60.0,40.0,70.0,39.0,0,70.0,622
1,60.0,40.0,54.0,60.0,0,54.0,622
2,60.0,40.0,78.0,42.0,1,42.0,622
3,60.0,40.0,54.0,32.0,1,32.0,622
4,60.0,40.0,56.0,43.0,0,56.0,622
0,60.0,30.0,72.0,48.0,0,72.0,623
1,60.0,30.0,62.0,24.0,0,62.0,623
2,60.0,30.0,64.0,8.0,1,8.0,623
3,60.0,30.0,71.0,34.0,1,34.0,623
4,60.0,30.0,61.0,36.0,1,36.0,623
0,40.0,20.0,30.0,27.0,0,30.0,624
1,40.0,20.0,34.0,29.0,1,29.0,624
2,40.0,20.0,39.0,25.0,0,39.0,624
3,40.0,20.0,33.0,26.0,0,33.0,624
4,40.0,20.0,37.0,26.0,0,37.0,624
0,32.0,40.0,33.0,32.0,0,33.0,625
1,32.0,40.0,24.0,34.0,0,24.0,625
2,32.0,40.0,40.0,52.0,1,52.0,625
3,32.0,40.0,23.0,46.0,1,46.0,625
4,32.0,40.0,37.0,34.0,1,34.0,625
5,32.0,40.0,30.0,49.0,1,49.0,625
6,32.0,40.0,34.0,43.0,0,34.0,625
7,32.0,40.0,47.0,45.0,1,45.0,625
8,32.0,40.0,20.0,32.0,1,32.0,625
9,32.0,40.0,32.0,52.0,1,52.0,625
0,60.0,80.0,59.0,71.0,1,71.0,626
1,60.0,80.0,62.0,73.0,0,62.0,626
2,60.0,80.0,47.0,77.0,1,77.0,626
3,60.0,80.0,52.0,82.0,0,52.0,626
4,60.0,80.0,70.0,75.0,0,70.0,626
5,60.0,80.0,58.0,78.0,1,78.0,626
6,60.0,80.0,58.0,93.0,0,58.0,626
7,60.0,80.0,69.0,88.0,0,69.0,626
8,60.0,80.0,61.0,71.0,0,61.0,626
9,60.0,80.0,61.0,87.0,0,61.0,626
0,60.0,30.0,73.0,24.0,0,73.0,627
1,60.0,30.0,64.0,33.0,0,64.0,627
2,60.0,30.0,56.0,31.0,1,31.0,627
3,60.0,30.0,60.0,31.0,1,31.0,627
4,60.0,30.0,65.0,31.0,0,65.0,627
0,10.0,40.0,2.0,41.0,1,41.0,628
1,10.0,40.0,8.0,40.0,0,8.0,628
2,10.0,40.0,15.0,32.0,0,15.0,628
3,10.0,40.0,4.0,52.0,1,52.0,628
4,10.0,40.0,-6.0,26.0,1,26.0,628
0,28.0,40.0,34.0,8.0,0,34.0,629
1,28.0,40.0,28.0,50.0,1,50.0,629
2,28.0,40.0,28.0,44.0,0,28.0,629
3,28.0,40.0,23.0,38.0,1,38.0,629
4,28.0,40.0,22.0,41.0,0,22.0,629
0,72.0,60.0,76.0,53.0,0,76.0,630
1,72.0,60.0,69.0,52.0,0,69.0,630
2,72.0,60.0,73.0,65.0,0,73.0,630
3,72.0,60.0,80.0,66.0,1,66.0,630
4,72.0,60.0,71.0,62.0,0,71.0,630
0,40.0,52.0,42.0,60.0,0,42.0,631
1,40.0,52.0,54.0,59.0,1,59.0,631
2,40.0,52.0,36.0,37.0,1,37.0,631
3,40.0,52.0,39.0,46.0,0,39.0,631
4,40.0,52.0,46.0,49.0,1,49.0,631
0,30.0,60.0,27.0,55.0,1,55.0,632
1,30.0,60.0,24.0,65.0,1,65.0,632
2,30.0,60.0,19.0,65.0,0,19.0,632
3,30.0,60.0,36.0,54.0,0,36.0,632
4,30.0,60.0,41.0,70.0,1,70.0,632
5,30.0,60.0,40.0,68.0,1,68.0,632
6,30.0,60.0,22.0,64.0,1,64.0,632
7,30.0,60.0,27.0,68.0,1,68.0,632
8,30.0,60.0,19.0,80.0,1,80.0,632
9,30.0,60.0,43.0,60.0,1,60.0,632
0,40.0,20.0,46.0,14.0,0,46.0,633
1,40.0,20.0,48.0,16.0,0,48.0,633
2,40.0,20.0,33.0,21.0,1,21.0,633
3,40.0,20.0,28.0,22.0,1,22.0,633
4,40.0,20.0,32.0,24.0,0,32.0,633
0,70.0,40.0,85.0,40.0,0,85.0,634
1,70.0,40.0,61.0,53.0,0,61.0,634
2,70.0,40.0,70.0,33.0,1,33.0,634
3,70.0,40.0,55.0,41.0,1,41.0,634
4,70.0,40.0,83.0,49.0,1,49.0,634
0,30.0,60.0,28.0,56.0,0,28.0,635
1,30.0,60.0,45.0,59.0,1,59.0,635
2,30.0,60.0,30.0,68.0,1,68.0,635
3,30.0,60.0,35.0,72.0,0,35.0,635
4,30.0,60.0,27.0,58.0,0,27.0,635
5,30.0,60.0,38.0,47.0,0,38.0,635
6,30.0,60.0,31.0,60.0,0,31.0,635
7,30.0,60.0,39.0,58.0,0,39.0,635
8,30.0,60.0,32.0,59.0,0,32.0,635
9,30.0,60.0,26.0,77.0,0,26.0,635
0,60.0,40.0,51.0,48.0,1,48.0,636
1,60.0,40.0,61.0,47.0,1,47.0,636
2,60.0,40.0,75.0,40.0,0,75.0,636
3,60.0,40.0,59.0,47.0,0,59.0,636
4,60.0,40.0,49.0,36.0,0,49.0,636
0,60.0,40.0,61.0,47.0,0,61.0,637
1,60.0,40.0,57.0,38.0,0,57.0,637
2,60.0,40.0,66.0,35.0,1,35.0,637
3,60.0,40.0,50.0,55.0,1,55.0,637
4,60.0,40.0,76.0,32.0,1,32.0,637
5,60.0,40.0,60.0,41.0,0,60.0,637
6,60.0,40.0,69.0,48.0,1,48.0,637
7,60.0,40.0,70.0,47.0,1,47.0,637
8,60.0,40.0,53.0,47.0,0,53.0,637
9,60.0,40.0,62.0,38.0,0,62.0,637
0,48.0,40.0,43.0,33.0,0,43.0,638
1,48.0,40.0,57.0,54.0,0,57.0,638
2,48.0,40.0,45.0,49.0,1,49.0,638
3,48.0,40.0,62.0,42.0,0,62.0,638
4,48.0,40.0,49.0,52.0,1,52.0,638
0,30.0,60.0,25.0,75.0,0,25.0,639
1,30.0,60.0,27.0,53.0,0,27.0,639
2,30.0,60.0,42.0,65.0,1,65.0,639
3,30.0,60.0,31.0,66.0,1,66.0,639
4,30.0,60.0,41.0,54.0,0,41.0,639
5,30.0,60.0,33.0,54.0,0,33.0,639
6,30.0,60.0,27.0,59.0,0,27.0,639
7,30.0,60.0,47.0,70.0,0,47.0,639
8,30.0,60.0,24.0,64.0,0,24.0,639
9,30.0,60.0,24.0,52.0,0,24.0,639
0,60.0,72.0,75.0,75.0,1,75.0,640
1,60.0,72.0,60.0,63.0,1,63.0,640
2,60.0,72.0,67.0,73.0,1,73.0,640
3,60.0,72.0,67.0,67.0,0,67.0,640
4,60.0,72.0,59.0,79.0,1,79.0,640
5,60.0,72.0,54.0,70.0,0,54.0,640
6,60.0,72.0,68.0,66.0,0,68.0,640
7,60.0,72.0,53.0,64.0,0,53.0,640
8,60.0,72.0,60.0,61.0,0,60.0,640
9,60.0,72.0,52.0,73.0,0,52.0,640
0,52.0,60.0,47.0,71.0,1,71.0,641
1,52.0,60.0,53.0,55.0,1,55.0,641
2,52.0,60.0,54.0,56.0,0,54.0,641
3,52.0,60.0,61.0,74.0,1,74.0,641
4,52.0,60.0,54.0,51.0,1,51.0,641
0,70.0,40.0,55.0,38.0,1,38.0,642
1,70.0,40.0,66.0,54.0,0,66.0,642
2,70.0,40.0,61.0,40.0,1,40.0,642
3,70.0,40.0,63.0,51.0,0,63.0,642
4,70.0,40.0,69.0,35.0,1,35.0,642
0,32.0,40.0,35.0,59.0,1,59.0,643
1,32.0,40.0,29.0,29.0,0,29.0,643
2,32.0,40.0,20.0,40.0,1,40.0,643
3,32.0,40.0,51.0,40.0,0,51.0,643
4,32.0,40.0,34.0,37.0,0,34.0,643
0,60.0,68.0,56.0,69.0,1,69.0,644
1,60.0,68.0,52.0,66.0,0,52.0,644
2,60.0,68.0,49.0,56.0,1,56.0,644
3,60.0,68.0,63.0,76.0,0,63.0,644
4,60.0,68.0,68.0,65.0,0,68.0,644
0,70.0,40.0,64.0,52.0,0,64.0,645
1,70.0,40.0,67.0,50.0,1,50.0,645
2,70.0,40.0,85.0,32.0,1,32.0,645
3,70.0,40.0,68.0,49.0,0,68.0,645
4,70.0,40.0,69.0,45.0,0,69.0,645
0,44.0,40.0,56.0,41.0,1,41.0,646
1,44.0,40.0,43.0,35.0,0,43.0,646
2,44.0,40.0,33.0,39.0,0,33.0,646
3,44.0,40.0,49.0,49.0,1,49.0,646
4,44.0,40.0,46.0,38.0,0,46.0,646
0,68.0,60.0,66.0,71.0,0,66.0,647
1,68.0,60.0,68.0,47.0,0,68.0,647
2,68.0,60.0,86.0,50.0,0,86.0,647
3,68.0,60.0,86.0,61.0,1,61.0,647
4,68.0,60.0,87.0,74.0,1,74.0,647
0,40.0,70.0,39.0,62.0,1,62.0,648
1,40.0,70.0,31.0,60.0,0,31.0,648
2,40.0,70.0,33.0,84.0,1,84.0,648
3,40.0,70.0,40.0,74.0,1,74.0,648
4,40.0,70.0,51.0,76.0,0,51.0,648
5,40.0,70.0,26.0,67.0,0,26.0,648
6,40.0,70.0,35.0,65.0,0,35.0,648
7,40.0,70.0,40.0,72.0,0,40.0,648
8,40.0,70.0,42.0,81.0,0,42.0,648
9,40.0,70.0,47.0,76.0,1,76.0,648
0,40.0,10.0,34.0,6.0,0,34.0,649
1,40.0,10.0,29.0,24.0,1,24.0,649
2,40.0,10.0,43.0,3.0,1,3.0,649
3,40.0,10.0,24.0,8.0,1,8.0,649
4,40.0,10.0,33.0,5.0,1,5.0,649
0,60.0,52.0,52.0,53.0,1,53.0,650
1,60.0,52.0,68.0,40.0,0,68.0,650
2,60.0,52.0,54.0,54.0,1,54.0,650
3,60.0,52.0,63.0,43.0,0,63.0,650
4,60.0,52.0,64.0,55.0,1,55.0,650
0,80.0,60.0,68.0,48.0,0,68.0,651
1,80.0,60.0,87.0,50.0,0,87.0,651
2,80.0,60.0,88.0,53.0,1,53.0,651
3,80.0,60.0,66.0,57.0,0,66.0,651
4,80.0,60.0,87.0,59.0,1,59.0,651
0,60.0,72.0,66.0,83.0,0,66.0,652
1,60.0,72.0,53.0,67.0,1,67.0,652
2,60.0,72.0,55.0,86.0,1,86.0,652
3,60.0,72.0,74.0,76.0,1,76.0,652
4,60.0,72.0,63.0,75.0,0,63.0,652
5,60.0,72.0,67.0,51.0,1,51.0,652
6,60.0,72.0,53.0,59.0,1,59.0,652
7,60.0,72.0,45.0,59.0,0,45.0,652
8,60.0,72.0,58.0,72.0,0,58.0,652
9,60.0,72.0,52.0,76.0,0,52.0,652
0,60.0,48.0,69.0,42.0,0,69.0,653
1,60.0,48.0,55.0,48.0,0,55.0,653
2,60.0,48.0,70.0,62.0,0,70.0,653
3,60.0,48.0,72.0,47.0,1,47.0,653
4,60.0,48.0,72.0,51.0,1,51.0,653
5,60.0,48.0,56.0,40.0,1,40.0,653
6,60.0,48.0,44.0,37.0,1,37.0,653
7,60.0,48.0,54.0,49.0,1,49.0,653
8,60.0,48.0,42.0,54.0,1,54.0,653
9,60.0,48.0,61.0,49.0,1,49.0,653
0,40.0,48.0,59.0,45.0,1,45.0,654
1,40.0,48.0,28.0,31.0,1,31.0,654
2,40.0,48.0,36.0,51.0,0,36.0,654
3,40.0,48.0,34.0,48.0,0,34.0,654
4,40.0,48.0,46.0,41.0,0,46.0,654
5,40.0,48.0,28.0,41.0,1,41.0,654
6,40.0,48.0,32.0,51.0,0,32.0,654
7,40.0,48.0,55.0,56.0,0,55.0,654
8,40.0,48.0,35.0,45.0,0,35.0,654
9,40.0,48.0,27.0,41.0,0,27.0,654
0,30.0,60.0,29.0,64.0,1,64.0,655
1,30.0,60.0,39.0,63.0,1,63.0,655
2,30.0,60.0,19.0,69.0,1,69.0,655
3,30.0,60.0,35.0,63.0,0,35.0,655
4,30.0,60.0,31.0,65.0,1,65.0,655
0,30.0,60.0,34.0,69.0,1,69.0,656
1,30.0,60.0,30.0,56.0,0,30.0,656
2,30.0,60.0,31.0,55.0,0,31.0,656
3,30.0,60.0,23.0,40.0,1,40.0,656
4,30.0,60.0,29.0,62.0,0,29.0,656
0,60.0,80.0,69.0,69.0,0,69.0,657
1,60.0,80.0,68.0,80.0,1,80.0,657
2,60.0,80.0,56.0,81.0,1,81.0,657
3,60.0,80.0,50.0,80.0,1,80.0,657
4,60.0,80.0,62.0,68.0,1,68.0,657
0,56.0,60.0,53.0,72.0,0,53.0,658
1,56.0,60.0,51.0,56.0,1,56.0,658
2,56.0,60.0,66.0,65.0,0,66.0,658
3,56.0,60.0,56.0,64.0,1,64.0,658
4,56.0,60.0,53.0,59.0,0,53.0,658
5,56.0,60.0,67.0,53.0,0,67.0,658
6,56.0,60.0,69.0,73.0,1,73.0,658
7,56.0,60.0,41.0,65.0,1,65.0,658
8,56.0,60.0,53.0,60.0,0,53.0,658
9,56.0,60.0,57.0,60.0,0,57.0,658
0,60.0,30.0,70.0,12.0,0,70.0,659
1,60.0,30.0,65.0,37.0,0,65.0,659
2,60.0,30.0,56.0,11.0,1,11.0,659
3,60.0,30.0,62.0,25.0,0,62.0,659
4,60.0,30.0,50.0,37.0,0,50.0,659
5,60.0,30.0,59.0,28.0,0,59.0,659
6,60.0,30.0,50.0,20.0,1,20.0,659
7,60.0,30.0,63.0,28.0,1,28.0,659
8,60.0,30.0,61.0,33.0,0,61.0,659
9,60.0,30.0,68.0,38.0,1,38.0,659
0,72.0,60.0,74.0,61.0,1,61.0,660
1,72.0,60.0,78.0,67.0,0,78.0,660
2,72.0,60.0,68.0,68.0,0,68.0,660
3,72.0,60.0,77.0,58.0,1,58.0,660
4,72.0,60.0,69.0,54.0,0,69.0,660
5,72.0,60.0,87.0,61.0,0,87.0,660
6,72.0,60.0,71.0,64.0,1,64.0,660
7,72.0,60.0,82.0,55.0,0,82.0,660
8,72.0,60.0,71.0,55.0,1,55.0,660
9,72.0,60.0,70.0,56.0,0,70.0,660
0,48.0,60.0,56.0,61.0,1,61.0,661
1,48.0,60.0,57.0,51.0,1,51.0,661
2,48.0,60.0,60.0,46.0,0,60.0,661
3,48.0,60.0,48.0,76.0,0,48.0,661
4,48.0,60.0,49.0,70.0,0,49.0,661
0,60.0,64.0,71.0,53.0,1,53.0,662
1,60.0,64.0,78.0,70.0,1,70.0,662
2,60.0,64.0,60.0,66.0,0,60.0,662
3,60.0,64.0,66.0,62.0,0,66.0,662
4,60.0,64.0,54.0,69.0,1,69.0,662
0,60.0,90.0,69.0,95.0,0,69.0,663
1,60.0,90.0,61.0,93.0,1,93.0,663
2,60.0,90.0,68.0,87.0,1,87.0,663
3,60.0,90.0,70.0,93.0,0,70.0,663
4,60.0,90.0,55.0,92.0,0,55.0,663
0,40.0,36.0,41.0,39.0,1,39.0,664
1,40.0,36.0,36.0,27.0,1,27.0,664
2,40.0,36.0,42.0,50.0,0,42.0,664
3,40.0,36.0,43.0,39.0,1,39.0,664
4,40.0,36.0,43.0,43.0,1,43.0,664
5,40.0,36.0,37.0,29.0,0,37.0,664
6,40.0,36.0,55.0,38.0,1,38.0,664
7,40.0,36.0,40.0,38.0,0,40.0,664
8,40.0,36.0,50.0,42.0,0,50.0,664
9,40.0,36.0,38.0,44.0,0,38.0,664
0,60.0,40.0,62.0,25.0,0,62.0,665
1,60.0,40.0,43.0,31.0,0,43.0,665
2,60.0,40.0,63.0,29.0,0,63.0,665
3,60.0,40.0,55.0,51.0,1,51.0,665
4,60.0,40.0,63.0,34.0,1,34.0,665
0,48.0,40.0,28.0,49.0,0,28.0,666
1,48.0,40.0,43.0,41.0,1,41.0,666
2,48.0,40.0,34.0,36.0,1,36.0,666
3,48.0,40.0,42.0,44.0,0,42.0,666
4,48.0,40.0,45.0,43.0,0,45.0,666
0,90.0,60.0,105.0,52.0,1,52.0,667
1,90.0,60.0,93.0,56.0,0,93.0,667
2,90.0,60.0,87.0,56.0,0,87.0,667
3,90.0,60.0,94.0,71.0,0,94.0,667
4,90.0,60.0,85.0,70.0,0,85.0,667
0,60.0,52.0,50.0,52.0,0,50.0,668
1,60.0,52.0,70.0,47.0,1,47.0,668
2,60.0,52.0,65.0,48.0,1,48.0,668
3,60.0,52.0,66.0,50.0,1,50.0,668
4,60.0,52.0,53.0,53.0,0,53.0,668
5,60.0,52.0,65.0,37.0,0,65.0,668
6,60.0,52.0,61.0,39.0,1,39.0,668
7,60.0,52.0,67.0,46.0,0,67.0,668
8,60.0,52.0,62.0,52.0,1,52.0,668
9,60.0,52.0,60.0,51.0,1,51.0,668
0,60.0,40.0,58.0,38.0,0,58.0,669
1,60.0,40.0,81.0,50.0,0,81.0,669
2,60.0,40.0,62.0,47.0,1,47.0,669
3,60.0,40.0,65.0,31.0,0,65.0,669
4,60.0,40.0,57.0,50.0,1,50.0,669
5,60.0,40.0,78.0,31.0,1,31.0,669
6,60.0,40.0,70.0,43.0,1,43.0,669
7,60.0,40.0,66.0,37.0,0,66.0,669
8,60.0,40.0,57.0,31.0,1,31.0,669
9,60.0,40.0,66.0,51.0,0,66.0,669
0,40.0,48.0,41.0,35.0,0,41.0,670
1,40.0,48.0,41.0,36.0,0,41.0,670
2,40.0,48.0,44.0,48.0,1,48.0,670
3,40.0,48.0,46.0,54.0,1,54.0,670
4,40.0,48.0,41.0,39.0,0,41.0,670
5,40.0,48.0,34.0,49.0,0,34.0,670
6,40.0,48.0,50.0,54.0,1,54.0,670
7,40.0,48.0,44.0,31.0,0,44.0,670
8,40.0,48.0,41.0,46.0,0,41.0,670
9,40.0,48.0,46.0,50.0,1,50.0,670
0,40.0,32.0,46.0,30.0,0,46.0,671
1,40.0,32.0,21.0,38.0,0,21.0,671
2,40.0,32.0,42.0,34.0,1,34.0,671
3,40.0,32.0,42.0,40.0,1,40.0,671
4,40.0,32.0,62.0,26.0,1,26.0,671
0,40.0,48.0,32.0,55.0,1,55.0,672
1,40.0,48.0,38.0,44.0,0,38.0,672
2,40.0,48.0,39.0,45.0,1,45.0,672
3,40.0,48.0,36.0,45.0,0,36.0,672
4,40.0,48.0,39.0,45.0,0,39.0,672
5,40.0,48.0,36.0,50.0,1,50.0,672
6,40.0,48.0,27.0,52.0,0,27.0,672
7,40.0,48.0,51.0,51.0,1,51.0,672
8,40.0,48.0,29.0,47.0,0,29.0,672
9,40.0,48.0,46.0,41.0,0,46.0,672
0,60.0,72.0,61.0,71.0,0,61.0,673
1,60.0,72.0,65.0,88.0,0,65.0,673
2,60.0,72.0,52.0,60.0,1,60.0,673
3,60.0,72.0,47.0,66.0,0,47.0,673
4,60.0,72.0,53.0,71.0,0,53.0,673
0,40.0,70.0,38.0,72.0,1,72.0,674
1,40.0,70.0,39.0,71.0,0,39.0,674
2,40.0,70.0,38.0,84.0,1,84.0,674
3,40.0,70.0,43.0,74.0,1,74.0,674
4,40.0,70.0,43.0,71.0,1,71.0,674
5,40.0,70.0,36.0,70.0,0,36.0,674
6,40.0,70.0,46.0,66.0,0,46.0,674
7,40.0,70.0,41.0,71.0,1,71.0,674
8,40.0,70.0,49.0,69.0,0,49.0,674
9,40.0,70.0,56.0,74.0,1,74.0,674
0,60.0,48.0,73.0,35.0,0,73.0,675
1,60.0,48.0,58.0,39.0,0,58.0,675
2,60.0,48.0,51.0,45.0,0,51.0,675
3,60.0,48.0,64.0,45.0,1,45.0,675
4,60.0,48.0,48.0,42.0,0,48.0,675
5,60.0,48.0,53.0,72.0,1,72.0,675
6,60.0,48.0,61.0,55.0,0,61.0,675
7,60.0,48.0,56.0,62.0,0,56.0,675
8,60.0,48.0,69.0,72.0,1,72.0,675
9,60.0,48.0,64.0,44.0,1,44.0,675
0,60.0,72.0,65.0,76.0,1,76.0,676
1,60.0,72.0,59.0,80.0,0,59.0,676
2,60.0,72.0,55.0,73.0,0,55.0,676
3,60.0,72.0,68.0,81.0,1,81.0,676
4,60.0,72.0,67.0,71.0,1,71.0,676
5,60.0,72.0,54.0,66.0,0,54.0,676
6,60.0,72.0,61.0,80.0,1,80.0,676
7,60.0,72.0,53.0,71.0,1,71.0,676
8,60.0,72.0,53.0,74.0,0,53.0,676
9,60.0,72.0,50.0,59.0,0,50.0,676
0,44.0,40.0,42.0,30.0,1,30.0,677
1,44.0,40.0,36.0,25.0,1,25.0,677
2,44.0,40.0,39.0,30.0,0,39.0,677
3,44.0,40.0,43.0,49.0,1,49.0,677
4,44.0,40.0,39.0,41.0,0,39.0,677
0,60.0,40.0,64.0,30.0,1,30.0,678
1,60.0,40.0,56.0,58.0,0,56.0,678
2,60.0,40.0,64.0,48.0,1,48.0,678
3,60.0,40.0,67.0,38.0,1,38.0,678
4,60.0,40.0,58.0,51.0,0,58.0,678
5,60.0,40.0,69.0,40.0,0,69.0,678
6,60.0,40.0,69.0,40.0,1,40.0,678
7,60.0,40.0,59.0,39.0,0,59.0,678
8,60.0,40.0,72.0,42.0,0,72.0,678
9,60.0,40.0,54.0,29.0,1,29.0,678
0,70.0,40.0,63.0,36.0,0,63.0,679
1,70.0,40.0,68.0,35.0,0,68.0,679
2,70.0,40.0,72.0,42.0,1,42.0,679
3,70.0,40.0,64.0,31.0,0,64.0,679
4,70.0,40.0,63.0,47.0,1,47.0,679
0,52.0,60.0,67.0,64.0,1,64.0,680
1,52.0,60.0,45.0,60.0,0,45.0,680
2,52.0,60.0,47.0,52.0,0,47.0,680
3,52.0,60.0,43.0,52.0,1,52.0,680
4,52.0,60.0,56.0,56.0,1,56.0,680
5,52.0,60.0,48.0,61.0,1,61.0,680
6,52.0,60.0,51.0,48.0,0,51.0,680
7,52.0,60.0,61.0,54.0,0,61.0,680
8,52.0,60.0,53.0,49.0,0,53.0,680
9,52.0,60.0,46.0,58.0,0,46.0,680
0,40.0,20.0,30.0,20.0,0,30.0,681
1,40.0,20.0,39.0,18.0,1,18.0,681
2,40.0,20.0,43.0,14.0,0,43.0,681
3,40.0,20.0,43.0,17.0,1,17.0,681
4,40.0,20.0,42.0,26.0,1,26.0,681
5,40.0,20.0,40.0,20.0,0,40.0,681
6,40.0,20.0,38.0,8.0,1,8.0,681
7,40.0,20.0,51.0,20.0,1,20.0,681
8,40.0,20.0,18.0,16.0,1,16.0,681
9,40.0,20.0,43.0,6.0,1,6.0,681
0,68.0,60.0,72.0,60.0,0,72.0,682
1,68.0,60.0,83.0,70.0,0,83.0,682
2,68.0,60.0,81.0,54.0,1,54.0,682
3,68.0,60.0,68.0,57.0,1,57.0,682
4,68.0,60.0,62.0,67.0,0,62.0,682
5,68.0,60.0,65.0,60.0,1,60.0,682
6,68.0,60.0,66.0,65.0,0,66.0,682
7,68.0,60.0,68.0,45.0,1,45.0,682
8,68.0,60.0,72.0,63.0,1,63.0,682
9,68.0,60.0,71.0,57.0,0,71.0,682
0,64.0,60.0,69.0,52.0,0,69.0,683
1,64.0,60.0,50.0,61.0,1,61.0,683
2,64.0,60.0,73.0,71.0,0,73.0,683
3,64.0,60.0,70.0,52.0,0,70.0,683
4,64.0,60.0,66.0,75.0,0,66.0,683
0,60.0,90.0,64.0,86.0,1,86.0,684
1,60.0,90.0,55.0,95.0,1,95.0,684
2,60.0,90.0,70.0,88.0,0,70.0,684
3,60.0,90.0,58.0,102.0,1,102.0,684
4,60.0,90.0,57.0,77.0,0,57.0,684
5,60.0,90.0,67.0,98.0,1,98.0,684
6,60.0,90.0,48.0,82.0,0,48.0,684
7,60.0,90.0,60.0,91.0,1,91.0,684
8,60.0,90.0,68.0,88.0,1,88.0,684
9,60.0,90.0,61.0,85.0,1,85.0,684
0,60.0,72.0,46.0,74.0,1,74.0,685
1,60.0,72.0,54.0,74.0,0,54.0,685
2,60.0,72.0,41.0,62.0,1,62.0,685
3,60.0,72.0,56.0,73.0,0,56.0,685
4,60.0,72.0,42.0,68.0,0,42.0,685
5,60.0,72.0,68.0,76.0,1,76.0,685
6,60.0,72.0,56.0,76.0,0,56.0,685
7,60.0,72.0,59.0,80.0,1,80.0,685
8,60.0,72.0,68.0,71.0,0,68.0,685
9,60.0,72.0,62.0,67.0,0,62.0,685
0,20.0,40.0,33.0,40.0,1,40.0,686
1,20.0,40.0,23.0,43.0,0,23.0,686
2,20.0,40.0,-3.0,40.0,0,-3.0,686
3,20.0,40.0,27.0,30.0,0,27.0,686
4,20.0,40.0,16.0,50.0,0,16.0,686
5,20.0,40.0,24.0,37.0,1,37.0,686
6,20.0,40.0,28.0,43.0,0,28.0,686
7,20.0,40.0,29.0,44.0,1,44.0,686
8,20.0,40.0,10.0,33.0,1,33.0,686
9,20.0,40.0,17.0,33.0,1,33.0,686
0,80.0,60.0,83.0,59.0,1,59.0,687
1,80.0,60.0,63.0,72.0,1,72.0,687
2,80.0,60.0,69.0,62.0,0,69.0,687
3,80.0,60.0,77.0,64.0,0,77.0,687
4,80.0,60.0,73.0,61.0,1,61.0,687
0,30.0,60.0,38.0,61.0,0,38.0,688
1,30.0,60.0,47.0,65.0,1,65.0,688
2,30.0,60.0,41.0,55.0,0,41.0,688
3,30.0,60.0,30.0,67.0,0,30.0,688
4,30.0,60.0,29.0,58.0,0,29.0,688
5,30.0,60.0,26.0,61.0,0,26.0,688
6,30.0,60.0,26.0,72.0,1,72.0,688
7,30.0,60.0,30.0,67.0,0,30.0,688
8,30.0,60.0,30.0,44.0,1,44.0,688
9,30.0,60.0,34.0,62.0,0,34.0,688
0,32.0,40.0,25.0,34.0,1,34.0,689
1,32.0,40.0,23.0,33.0,0,23.0,689
2,32.0,40.0,22.0,36.0,1,36.0,689
3,32.0,40.0,40.0,50.0,0,40.0,689
4,32.0,40.0,30.0,52.0,0,30.0,689
5,32.0,40.0,44.0,47.0,0,44.0,689
6,32.0,40.0,42.0,37.0,1,37.0,689
7,32.0,40.0,35.0,48.0,0,35.0,689
8,32.0,40.0,33.0,43.0,0,33.0,689
9,32.0,40.0,23.0,46.0,0,23.0,689
0,60.0,40.0,53.0,46.0,1,46.0,690
1,60.0,40.0,57.0,34.0,0,57.0,690
2,60.0,40.0,46.0,42.0,0,46.0,690
3,60.0,40.0,46.0,39.0,1,39.0,690
4,60.0,40.0,59.0,48.0,0,59.0,690
5,60.0,40.0,59.0,34.0,1,34.0,690
6,60.0,40.0,59.0,37.0,0,59.0,690
7,60.0,40.0,54.0,31.0,0,54.0,690
8,60.0,40.0,46.0,42.0,1,42.0,690
9,60.0,40.0,55.0,51.0,0,55.0,690
0,40.0,52.0,41.0,61.0,1,61.0,691
1,40.0,52.0,34.0,57.0,0,34.0,691
2,40.0,52.0,50.0,54.0,0,50.0,691
3,40.0,52.0,45.0,49.0,0,45.0,691
4,40.0,52.0,39.0,47.0,1,47.0,691
0,36.0,40.0,48.0,30.0,1,30.0,692
1,36.0,40.0,36.0,46.0,1,46.0,692
2,36.0,40.0,39.0,50.0,0,39.0,692
3,36.0,40.0,42.0,45.0,1,45.0,692
4,36.0,40.0,36.0,36.0,1,36.0,692
0,72.0,60.0,78.0,60.0,0,78.0,693
1,72.0,60.0,57.0,48.0,0,57.0,693
2,72.0,60.0,77.0,68.0,1,68.0,693
3,72.0,60.0,72.0,77.0,0,72.0,693
4,72.0,60.0,58.0,58.0,1,58.0,693
5,72.0,60.0,72.0,66.0,1,66.0,693
6,72.0,60.0,71.0,65.0,0,71.0,693
7,72.0,60.0,60.0,66.0,0,60.0,693
8,72.0,60.0,76.0,67.0,0,76.0,693
9,72.0,60.0,80.0,68.0,0,80.0,693
0,60.0,68.0,63.0,68.0,1,68.0,694
1,60.0,68.0,48.0,64.0,1,64.0,694
2,60.0,68.0,72.0,67.0,1,67.0,694
3,60.0,68.0,57.0,61.0,0,57.0,694
4,60.0,68.0,67.0,79.0,0,67.0,694
0,40.0,60.0,42.0,51.0,0,42.0,695
1,40.0,60.0,33.0,67.0,1,67.0,695
2,40.0,60.0,39.0,71.0,1,71.0,695
3,40.0,60.0,26.0,61.0,0,26.0,695
4,40.0,60.0,53.0,54.0,0,53.0,695
5,40.0,60.0,41.0,64.0,0,41.0,695
6,40.0,60.0,49.0,62.0,0,49.0,695
7,40.0,60.0,39.0,69.0,0,39.0,695
8,40.0,60.0,50.0,55.0,0,50.0,695
9,40.0,60.0,38.0,52.0,1,52.0,695
0,60.0,52.0,62.0,45.0,0,62.0,696
1,60.0,52.0,67.0,57.0,0,67.0,696
2,60.0,52.0,53.0,39.0,1,39.0,696
3,60.0,52.0,53.0,30.0,1,30.0,696
4,60.0,52.0,39.0,42.0,1,42.0,696
0,32.0,40.0,33.0,42.0,1,42.0,697
1,32.0,40.0,36.0,42.0,1,42.0,697
2,32.0,40.0,16.0,31.0,1,31.0,697
3,32.0,40.0,45.0,35.0,0,45.0,697
4,32.0,40.0,35.0,41.0,0,35.0,697
0,20.0,40.0,25.0,40.0,0,25.0,698
1,20.0,40.0,17.0,47.0,0,17.0,698
2,20.0,40.0,21.0,39.0,0,21.0,698
3,20.0,40.0,8.0,49.0,1,49.0,698
4,20.0,40.0,24.0,51.0,0,24.0,698
5,20.0,40.0,15.0,43.0,1,43.0,698
6,20.0,40.0,28.0,26.0,1,26.0,698
7,20.0,40.0,19.0,43.0,0,19.0,698
8,20.0,40.0,32.0,46.0,0,32.0,698
9,20.0,40.0,26.0,42.0,1,42.0,698
0,68.0,60.0,70.0,73.0,0,70.0,699
1,68.0,60.0,79.0,59.0,1,59.0,699
2,68.0,60.0,83.0,55.0,0,83.0,699
3,68.0,60.0,62.0,65.0,0,62.0,699
4,68.0,60.0,68.0,58.0,1,58.0,699
0,56.0,60.0,53.0,66.0,1,66.0,700
1,56.0,60.0,51.0,56.0,0,51.0,700
2,56.0,60.0,44.0,76.0,1,76.0,700
3,56.0,60.0,51.0,55.0,1,55.0,700
4,56.0,60.0,52.0,48.0,0,52.0,700
5,56.0,60.0,58.0,55.0,1,55.0,700
6,56.0,60.0,62.0,62.0,1,62.0,700
7,56.0,60.0,51.0,64.0,0,51.0,700
8,56.0,60.0,52.0,53.0,0,52.0,700
9,56.0,60.0,66.0,76.0,1,76.0,700
0,60.0,40.0,51.0,48.0,1,48.0,701
1,60.0,40.0,62.0,46.0,1,46.0,701
2,60.0,40.0,65.0,30.0,0,65.0,701
3,60.0,40.0,55.0,37.0,0,55.0,701
4,60.0,40.0,61.0,43.0,0,61.0,701
5,60.0,40.0,58.0,39.0,0,58.0,701
6,60.0,40.0,68.0,31.0,1,31.0,701
7,60.0,40.0,60.0,42.0,0,60.0,701
8,60.0,40.0,62.0,36.0,0,62.0,701
9,60.0,40.0,51.0,33.0,1,33.0,701
0,72.0,60.0,60.0,69.0,1,69.0,702
1,72.0,60.0,75.0,53.0,0,75.0,702
2,72.0,60.0,82.0,68.0,1,68.0,702
3,72.0,60.0,94.0,43.0,1,43.0,702
4,72.0,60.0,76.0,72.0,0,76.0,702
0,20.0,40.0,20.0,42.0,0,20.0,703
1,20.0,40.0,17.0,42.0,1,42.0,703
2,20.0,40.0,32.0,47.0,1,47.0,703
3,20.0,40.0,20.0,42.0,0,20.0,703
4,20.0,40.0,31.0,32.0,0,31.0,703
5,20.0,40.0,34.0,33.0,0,34.0,703
6,20.0,40.0,18.0,32.0,0,18.0,703
7,20.0,40.0,30.0,28.0,1,28.0,703
8,20.0,40.0,17.0,47.0,0,17.0,703
9,20.0,40.0,31.0,34.0,1,34.0,703
0,32.0,40.0,38.0,41.0,1,41.0,704
1,32.0,40.0,35.0,39.0,1,39.0,704
2,32.0,40.0,41.0,30.0,0,41.0,704
3,32.0,40.0,27.0,57.0,1,57.0,704
4,32.0,40.0,32.0,48.0,0,32.0,704
0,60.0,68.0,56.0,72.0,1,72.0,705
1,60.0,68.0,56.0,67.0,0,56.0,705
2,60.0,68.0,61.0,65.0,0,61.0,705
3,60.0,68.0,68.0,80.0,1,80.0,705
4,60.0,68.0,64.0,65.0,0,64.0,705
0,80.0,60.0,68.0,52.0,0,68.0,706
1,80.0,60.0,80.0,60.0,1,60.0,706
2,80.0,60.0,75.0,66.0,0,75.0,706
3,80.0,60.0,77.0,71.0,1,71.0,706
4,80.0,60.0,77.0,61.0,0,77.0,706
0,28.0,40.0,6.0,30.0,0,6.0,707
1,28.0,40.0,43.0,47.0,0,43.0,707
2,28.0,40.0,21.0,52.0,0,21.0,707
3,28.0,40.0,19.0,29.0,1,29.0,707
4,28.0,40.0,29.0,40.0,1,40.0,707
0,40.0,52.0,33.0,41.0,0,33.0,708
1,40.0,52.0,38.0,47.0,0,38.0,708
2,40.0,52.0,53.0,58.0,1,58.0,708
3,40.0,52.0,48.0,49.0,0,48.0,708
4,40.0,52.0,18.0,62.0,1,62.0,708
0,60.0,68.0,58.0,56.0,1,56.0,709
1,60.0,68.0,75.0,69.0,1,69.0,709
2,60.0,68.0,57.0,85.0,0,57.0,709
3,60.0,68.0,59.0,63.0,0,59.0,709
4,60.0,68.0,67.0,76.0,0,67.0,709
0,60.0,40.0,64.0,34.0,0,64.0,710
1,60.0,40.0,58.0,37.0,1,37.0,710
2,60.0,40.0,59.0,39.0,1,39.0,710
3,60.0,40.0,69.0,26.0,0,69.0,710
4,60.0,40.0,56.0,45.0,0,56.0,710
5,60.0,40.0,73.0,44.0,1,44.0,710
6,60.0,40.0,56.0,45.0,0,56.0,710
7,60.0,40.0,71.0,49.0,1,49.0,710
8,60.0,40.0,55.0,31.0,0,55.0,710
9,60.0,40.0,72.0,51.0,1,51.0,710
0,40.0,60.0,32.0,60.0,1,60.0,711
1,40.0,60.0,43.0,59.0,0,43.0,711
2,40.0,60.0,42.0,64.0,1,64.0,711
3,40.0,60.0,39.0,64.0,0,39.0,711
4,40.0,60.0,33.0,66.0,0,33.0,711
0,40.0,52.0,38.0,54.0,0,38.0,712
1,40.0,52.0,39.0,30.0,1,30.0,712
2,40.0,52.0,41.0,40.0,0,41.0,712
3,40.0,52.0,24.0,54.0,0,24.0,712
4,40.0,52.0,41.0,65.0,0,41.0,712
0,40.0,28.0,47.0,36.0,1,36.0,713
1,40.0,28.0,30.0,31.0,0,30.0,713
2,40.0,28.0,40.0,17.0,1,17.0,713
3,40.0,28.0,37.0,38.0,0,37.0,713
4,40.0,28.0,36.0,30.0,0,36.0,713
5,40.0,28.0,48.0,12.0,0,48.0,713
6,40.0,28.0,42.0,36.0,1,36.0,713
7,40.0,28.0,38.0,31.0,0,38.0,713
8,40.0,28.0,53.0,31.0,1,31.0,713
9,40.0,28.0,49.0,31.0,1,31.0,713
0,40.0,20.0,46.0,12.0,1,12.0,714
1,40.0,20.0,50.0,24.0,0,50.0,714
2,40.0,20.0,57.0,20.0,1,20.0,714
3,40.0,20.0,44.0,22.0,1,22.0,714
4,40.0,20.0,41.0,2.0,0,41.0,714
0,60.0,52.0,58.0,57.0,1,57.0,715
1,60.0,52.0,52.0,50.0,0,52.0,715
2,60.0,52.0,56.0,56.0,1,56.0,715
3,60.0,52.0,52.0,55.0,0,52.0,715
4,60.0,52.0,52.0,40.0,1,40.0,715
0,60.0,52.0,57.0,62.0,1,62.0,716
1,60.0,52.0,53.0,49.0,0,53.0,716
2,60.0,52.0,61.0,56.0,0,61.0,716
3,60.0,52.0,47.0,60.0,0,47.0,716
4,60.0,52.0,60.0,37.0,1,37.0,716
0,60.0,68.0,78.0,68.0,1,68.0,717
1,60.0,68.0,62.0,60.0,1,60.0,717
2,60.0,68.0,67.0,80.0,0,67.0,717
3,60.0,68.0,48.0,77.0,0,48.0,717
4,60.0,68.0,67.0,67.0,0,67.0,717
0,32.0,40.0,40.0,34.0,1,34.0,718
1,32.0,40.0,31.0,30.0,1,30.0,718
2,32.0,40.0,41.0,47.0,0,41.0,718
3,32.0,40.0,28.0,40.0,0,28.0,718
4,32.0,40.0,28.0,52.0,0,28.0,718
0,80.0,60.0,80.0,66.0,1,66.0,719
1,80.0,60.0,88.0,52.0,0,88.0,719
2,80.0,60.0,79.0,54.0,0,79.0,719
3,80.0,60.0,75.0,70.0,0,75.0,719
4,80.0,60.0,78.0,48.0,1,48.0,719
0,70.0,40.0,56.0,32.0,1,32.0,720
1,70.0,40.0,69.0,43.0,0,69.0,720
2,70.0,40.0,73.0,35.0,1,35.0,720
3,70.0,40.0,80.0,40.0,0,80.0,720
4,70.0,40.0,78.0,40.0,0,78.0,720
5,70.0,40.0,91.0,26.0,0,91.0,720
6,70.0,40.0,68.0,42.0,1,42.0,720
7,70.0,40.0,72.0,31.0,0,72.0,720
8,70.0,40.0,77.0,30.0,0,77.0,720
9,70.0,40.0,83.0,40.0,1,40.0,720
0,40.0,48.0,33.0,43.0,0,33.0,721
1,40.0,48.0,46.0,48.0,0,46.0,721
2,40.0,48.0,30.0,48.0,1,48.0,721
3,40.0,48.0,48.0,52.0,1,52.0,721
4,40.0,48.0,34.0,65.0,0,34.0,721
5,40.0,48.0,47.0,40.0,0,47.0,721
6,40.0,48.0,53.0,49.0,0,53.0,721
7,40.0,48.0,35.0,52.0,1,52.0,721
8,40.0,48.0,28.0,57.0,0,28.0,721
9,40.0,48.0,32.0,61.0,1,61.0,721
0,56.0,60.0,42.0,49.0,1,49.0,722
1,56.0,60.0,50.0,67.0,0,50.0,722
2,56.0,60.0,50.0,57.0,1,57.0,722
3,56.0,60.0,56.0,44.0,0,56.0,722
4,56.0,60.0,50.0,48.0,0,50.0,722
0,36.0,40.0,31.0,48.0,0,31.0,723
1,36.0,40.0,36.0,35.0,0,36.0,723
2,36.0,40.0,44.0,43.0,0,44.0,723
3,36.0,40.0,32.0,56.0,1,56.0,723
4,36.0,40.0,32.0,50.0,0,32.0,723
0,60.0,48.0,43.0,51.0,1,51.0,724
1,60.0,48.0,71.0,35.0,1,35.0,724
2,60.0,48.0,55.0,58.0,0,55.0,724
3,60.0,48.0,69.0,38.0,0,69.0,724
4,60.0,48.0,56.0,42.0,0,56.0,724
0,90.0,60.0,85.0,55.0,0,85.0,725
1,90.0,60.0,86.0,47.0,1,47.0,725
2,90.0,60.0,94.0,57.0,0,94.0,725
3,90.0,60.0,92.0,63.0,1,63.0,725
4,90.0,60.0,77.0,75.0,0,77.0,725
5,90.0,60.0,93.0,57.0,1,57.0,725
6,90.0,60.0,90.0,74.0,1,74.0,725
7,90.0,60.0,106.0,68.0,0,106.0,725
8,90.0,60.0,95.0,70.0,0,95.0,725
9,90.0,60.0,92.0,65.0,0,92.0,725
0,60.0,56.0,74.0,55.0,0,74.0,726
1,60.0,56.0,52.0,63.0,1,63.0,726
2,60.0,56.0,62.0,53.0,0,62.0,726
3,60.0,56.0,59.0,70.0,1,70.0,726
4,60.0,56.0,51.0,60.0,1,60.0,726
5,60.0,56.0,69.0,54.0,0,69.0,726
6,60.0,56.0,54.0,45.0,1,45.0,726
7,60.0,56.0,64.0,67.0,0,64.0,726
8,60.0,56.0,52.0,75.0,0,52.0,726
9,60.0,56.0,51.0,53.0,1,53.0,726
0,40.0,48.0,19.0,38.0,0,19.0,727
1,40.0,48.0,59.0,48.0,1,48.0,727
2,40.0,48.0,37.0,73.0,1,73.0,727
3,40.0,48.0,51.0,33.0,0,51.0,727
4,40.0,48.0,28.0,43.0,0,28.0,727
5,40.0,48.0,49.0,55.0,0,49.0,727
6,40.0,48.0,45.0,64.0,0,45.0,727
7,40.0,48.0,50.0,34.0,0,50.0,727
8,40.0,48.0,37.0,57.0,0,37.0,727
9,40.0,48.0,42.0,32.0,1,32.0,727
0,40.0,20.0,29.0,31.0,1,31.0,728
1,40.0,20.0,51.0,5.0,1,5.0,728
2,40.0,20.0,36.0,18.0,1,18.0,728
3,40.0,20.0,57.0,17.0,0,57.0,728
4,40.0,20.0,38.0,24.0,0,38.0,728
0,40.0,32.0,20.0,39.0,0,20.0,729
1,40.0,32.0,45.0,22.0,1,22.0,729
2,40.0,32.0,29.0,35.0,0,29.0,729
3,40.0,32.0,42.0,36.0,0,42.0,729
4,40.0,32.0,36.0,29.0,0,36.0,729
5,40.0,32.0,49.0,36.0,1,36.0,729
6,40.0,32.0,25.0,36.0,0,25.0,729
7,40.0,32.0,38.0,44.0,1,44.0,729
8,40.0,32.0,28.0,37.0,0,28.0,729
9,40.0,32.0,37.0,36.0,0,37.0,729
0,40.0,44.0,39.0,27.0,1,27.0,730
1,40.0,44.0,35.0,43.0,0,35.0,730
2,40.0,44.0,49.0,39.0,1,39.0,730
3,40.0,44.0,43.0,32.0,1,32.0,730
4,40.0,44.0,40.0,36.0,0,40.0,730
0,40.0,28.0,44.0,17.0,1,17.0,731
1,40.0,28.0,43.0,20.0,0,43.0,731
2,40.0,28.0,41.0,21.0,1,21.0,731
3,40.0,28.0,31.0,35.0,1,35.0,731
4,40.0,28.0,40.0,18.0,0,40.0,731
0,80.0,60.0,87.0,68.0,1,68.0,732
1,80.0,60.0,88.0,61.0,1,61.0,732
2,80.0,60.0,82.0,55.0,1,55.0,732
3,80.0,60.0,73.0,51.0,0,73.0,732
4,80.0,60.0,86.0,56.0,0,86.0,732
5,80.0,60.0,80.0,61.0,1,61.0,732
6,80.0,60.0,79.0,69.0,1,69.0,732
7,80.0,60.0,64.0,65.0,0,64.0,732
8,80.0,60.0,80.0,75.0,0,80.0,732
9,80.0,60.0,79.0,57.0,0,79.0,732
0,40.0,60.0,38.0,63.0,1,63.0,733
1,40.0,60.0,38.0,56.0,0,38.0,733
2,40.0,60.0,50.0,55.0,1,55.0,733
3,40.0,60.0,37.0,61.0,0,37.0,733
4,40.0,60.0,44.0,75.0,0,44.0,733
5,40.0,60.0,31.0,61.0,0,31.0,733
6,40.0,60.0,33.0,57.0,1,57.0,733
7,40.0,60.0,44.0,48.0,1,48.0,733
8,40.0,60.0,48.0,58.0,1,58.0,733
9,40.0,60.0,41.0,56.0,0,41.0,733
0,60.0,48.0,79.0,57.0,0,79.0,734
1,60.0,48.0,83.0,55.0,1,55.0,734
2,60.0,48.0,64.0,41.0,0,64.0,734
3,60.0,48.0,63.0,60.0,1,60.0,734
4,60.0,48.0,63.0,32.0,1,32.0,734
0,60.0,48.0,52.0,55.0,0,52.0,735
1,60.0,48.0,74.0,54.0,0,74.0,735
2,60.0,48.0,51.0,43.0,0,51.0,735
3,60.0,48.0,61.0,38.0,1,38.0,735
4,60.0,48.0,57.0,48.0,1,48.0,735
5,60.0,48.0,61.0,58.0,1,58.0,735
6,60.0,48.0,54.0,42.0,0,54.0,735
7,60.0,48.0,81.0,36.0,1,36.0,735
8,60.0,48.0,56.0,52.0,0,56.0,735
9,60.0,48.0,68.0,39.0,0,68.0,735
0,40.0,36.0,43.0,46.0,0,43.0,736
1,40.0,36.0,43.0,38.0,1,38.0,736
2,40.0,36.0,55.0,39.0,0,55.0,736
3,40.0,36.0,40.0,18.0,0,40.0,736
4,40.0,36.0,29.0,23.0,1,23.0,736
5,40.0,36.0,34.0,34.0,0,34.0,736
6,40.0,36.0,42.0,25.0,0,42.0,736
7,40.0,36.0,39.0,37.0,0,39.0,736
8,40.0,36.0,43.0,31.0,0,43.0,736
9,40.0,36.0,29.0,34.0,1,34.0,736
0,72.0,60.0,68.0,77.0,1,77.0,737
1,72.0,60.0,75.0,65.0,1,65.0,737
2,72.0,60.0,77.0,66.0,0,77.0,737
3,72.0,60.0,73.0,65.0,1,65.0,737
4,72.0,60.0,57.0,66.0,1,66.0,737
5,72.0,60.0,88.0,71.0,1,71.0,737
6,72.0,60.0,65.0,62.0,0,65.0,737
7,72.0,60.0,68.0,49.0,0,68.0,737
8,72.0,60.0,75.0,52.0,0,75.0,737
9,72.0,60.0,86.0,66.0,1,66.0,737
0,52.0,60.0,49.0,59.0,0,49.0,738
1,52.0,60.0,44.0,62.0,0,44.0,738
2,52.0,60.0,51.0,51.0,1,51.0,738
3,52.0,60.0,32.0,73.0,1,73.0,738
4,52.0,60.0,52.0,63.0,0,52.0,738
0,40.0,20.0,39.0,31.0,1,31.0,739
1,40.0,20.0,54.0,17.0,0,54.0,739
2,40.0,20.0,27.0,18.0,0,27.0,739
3,40.0,20.0,37.0,24.0,0,37.0,739
4,40.0,20.0,37.0,29.0,1,29.0,739
5,40.0,20.0,37.0,19.0,1,19.0,739
6,40.0,20.0,17.0,16.0,0,17.0,739
7,40.0,20.0,45.0,10.0,0,45.0,739
8,40.0,20.0,47.0,31.0,0,47.0,739
9,40.0,20.0,36.0,28.0,0,36.0,739
0,40.0,44.0,51.0,54.0,1,54.0,740
1,40.0,44.0,31.0,50.0,0,31.0,740
2,40.0,44.0,33.0,50.0,0,33.0,740
3,40.0,44.0,45.0,42.0,0,45.0,740
4,40.0,44.0,57.0,50.0,1,50.0,740
0,44.0,40.0,41.0,51.0,0,41.0,741
1,44.0,40.0,23.0,29.0,1,29.0,741
2,44.0,40.0,43.0,40.0,1,40.0,741
3,44.0,40.0,52.0,44.0,1,44.0,741
4,44.0,40.0,43.0,32.0,1,32.0,741
0,20.0,40.0,30.0,42.0,1,42.0,742
1,20.0,40.0,34.0,30.0,1,30.0,742
2,20.0,40.0,14.0,45.0,0,14.0,742
3,20.0,40.0,18.0,40.0,0,18.0,742
4,20.0,40.0,17.0,37.0,1,37.0,742
5,20.0,40.0,40.0,42.0,1,42.0,742
6,20.0,40.0,27.0,48.0,0,27.0,742
7,20.0,40.0,9.0,47.0,0,9.0,742
8,20.0,40.0,23.0,29.0,1,29.0,742
9,20.0,40.0,11.0,31.0,1,31.0,742
0,40.0,20.0,38.0,12.0,1,12.0,743
1,40.0,20.0,47.0,22.0,1,22.0,743
2,40.0,20.0,48.0,25.0,1,25.0,743
3,40.0,20.0,36.0,20.0,0,36.0,743
4,40.0,20.0,37.0,4.0,0,37.0,743
5,40.0,20.0,52.0,9.0,0,52.0,743
6,40.0,20.0,40.0,19.0,0,40.0,743
7,40.0,20.0,33.0,29.0,1,29.0,743
8,40.0,20.0,50.0,20.0,0,50.0,743
9,40.0,20.0,29.0,21.0,0,29.0,743
0,40.0,48.0,31.0,47.0,0,31.0,744
1,40.0,48.0,20.0,46.0,0,20.0,744
2,40.0,48.0,37.0,35.0,1,35.0,744
3,40.0,48.0,48.0,44.0,0,48.0,744
4,40.0,48.0,27.0,47.0,0,27.0,744
5,40.0,48.0,40.0,51.0,0,40.0,744
6,40.0,48.0,30.0,41.0,1,41.0,744
7,40.0,48.0,36.0,46.0,1,46.0,744
8,40.0,48.0,34.0,50.0,0,34.0,744
9,40.0,48.0,34.0,38.0,0,34.0,744
0,60.0,40.0,70.0,33.0,1,33.0,745
1,60.0,40.0,64.0,33.0,1,33.0,745
2,60.0,40.0,55.0,33.0,1,33.0,745
3,60.0,40.0,62.0,47.0,0,62.0,745
4,60.0,40.0,68.0,20.0,1,20.0,745
5,60.0,40.0,69.0,15.0,1,15.0,745
6,60.0,40.0,51.0,49.0,0,51.0,745
7,60.0,40.0,57.0,31.0,0,57.0,745
8,60.0,40.0,61.0,22.0,0,61.0,745
9,60.0,40.0,67.0,41.0,0,67.0,745
0,72.0,60.0,73.0,62.0,1,62.0,746
1,72.0,60.0,63.0,65.0,1,65.0,746
2,72.0,60.0,75.0,53.0,0,75.0,746
3,72.0,60.0,64.0,52.0,1,52.0,746
4,72.0,60.0,79.0,71.0,0,79.0,746
0,48.0,40.0,64.0,48.0,1,48.0,747
1,48.0,40.0,44.0,49.0,0,44.0,747
2,48.0,40.0,45.0,24.0,0,45.0,747
3,48.0,40.0,52.0,29.0,0,52.0,747
4,48.0,40.0,58.0,49.0,1,49.0,747
0,56.0,60.0,59.0,64.0,0,59.0,748
1,56.0,60.0,62.0,63.0,1,63.0,748
2,56.0,60.0,59.0,59.0,1,59.0,748
3,56.0,60.0,39.0,64.0,1,64.0,748
4,56.0,60.0,59.0,61.0,0,59.0,748
0,36.0,40.0,44.0,44.0,0,44.0,749
1,36.0,40.0,29.0,41.0,0,29.0,749
2,36.0,40.0,31.0,45.0,1,45.0,749
3,36.0,40.0,25.0,41.0,0,25.0,749
4,36.0,40.0,25.0,37.0,1,37.0,749
5,36.0,40.0,31.0,40.0,1,40.0,749
6,36.0,40.0,40.0,62.0,0,40.0,749
7,36.0,40.0,46.0,41.0,1,41.0,749
8,36.0,40.0,44.0,46.0,0,44.0,749
9,36.0,40.0,47.0,31.0,0,47.0,749
0,40.0,28.0,47.0,26.0,1,26.0,750
1,40.0,28.0,40.0,25.0,1,25.0,750
2,40.0,28.0,44.0,42.0,0,44.0,750
3,40.0,28.0,39.0,26.0,0,39.0,750
4,40.0,28.0,30.0,27.0,1,27.0,750
0,28.0,40.0,32.0,45.0,1,45.0,751
1,28.0,40.0,31.0,43.0,0,31.0,751
2,28.0,40.0,26.0,33.0,1,33.0,751
3,28.0,40.0,22.0,32.0,0,22.0,751
4,28.0,40.0,28.0,43.0,0,28.0,751
5,28.0,40.0,22.0,16.0,1,16.0,751
6,28.0,40.0,19.0,47.0,0,19.0,751
7,28.0,40.0,22.0,30.0,0,22.0,751
8,28.0,40.0,35.0,32.0,0,35.0,751
9,28.0,40.0,34.0,38.0,1,38.0,751
0,60.0,30.0,57.0,34.0,0,57.0,752
1,60.0,30.0,66.0,25.0,1,25.0,752
2,60.0,30.0,56.0,24.0,0,56.0,752
3,60.0,30.0,56.0,31.0,1,31.0,752
4,60.0,30.0,61.0,38.0,0,61.0,752
5,60.0,30.0,61.0,32.0,0,61.0,752
6,60.0,30.0,61.0,22.0,1,22.0,752
7,60.0,30.0,52.0,41.0,1,41.0,752
8,60.0,30.0,63.0,39.0,1,39.0,752
9,60.0,30.0,57.0,33.0,1,33.0,752
0,40.0,60.0,48.0,58.0,1,58.0,753
1,40.0,60.0,35.0,58.0,1,58.0,753
2,40.0,60.0,45.0,65.0,1,65.0,753
3,40.0,60.0,34.0,53.0,0,34.0,753
4,40.0,60.0,47.0,67.0,0,47.0,753
0,60.0,68.0,69.0,71.0,1,71.0,754
1,60.0,68.0,68.0,64.0,0,68.0,754
2,60.0,68.0,58.0,79.0,1,79.0,754
3,60.0,68.0,57.0,65.0,1,65.0,754
4,60.0,68.0,59.0,72.0,0,59.0,754
0,60.0,80.0,50.0,85.0,1,85.0,755
1,60.0,80.0,57.0,84.0,0,57.0,755
2,60.0,80.0,64.0,79.0,0,64.0,755
3,60.0,80.0,79.0,78.0,0,79.0,755
4,60.0,80.0,47.0,88.0,1,88.0,755
0,40.0,44.0,31.0,44.0,0,31.0,756
1,40.0,44.0,39.0,45.0,0,39.0,756
2,40.0,44.0,27.0,44.0,1,44.0,756
3,40.0,44.0,31.0,50.0,1,50.0,756
4,40.0,44.0,32.0,43.0,0,32.0,756
5,40.0,44.0,38.0,50.0,1,50.0,756
6,40.0,44.0,44.0,35.0,0,44.0,756
7,40.0,44.0,44.0,48.0,0,44.0,756
8,40.0,44.0,37.0,36.0,1,36.0,756
9,40.0,44.0,43.0,44.0,0,43.0,756
0,44.0,40.0,46.0,25.0,1,25.0,757
1,44.0,40.0,49.0,45.0,0,49.0,757
2,44.0,40.0,45.0,35.0,0,45.0,757
3,44.0,40.0,45.0,24.0,0,45.0,757
4,44.0,40.0,51.0,42.0,1,42.0,757
0,60.0,90.0,52.0,81.0,0,52.0,758
1,60.0,90.0,73.0,96.0,1,96.0,758
2,60.0,90.0,51.0,103.0,0,51.0,758
3,60.0,90.0,64.0,98.0,0,64.0,758
4,60.0,90.0,55.0,111.0,0,55.0,758
5,60.0,90.0,45.0,108.0,0,45.0,758
6,60.0,90.0,69.0,95.0,0,69.0,758
7,60.0,90.0,65.0,73.0,1,73.0,758
8,60.0,90.0,66.0,104.0,0,66.0,758
9,60.0,90.0,53.0,86.0,0,53.0,758
0,44.0,40.0,42.0,42.0,0,42.0,759
1,44.0,40.0,51.0,22.0,1,22.0,759
2,44.0,40.0,42.0,37.0,1,37.0,759
3,44.0,40.0,32.0,31.0,0,32.0,759
4,44.0,40.0,62.0,55.0,1,55.0,759
0,60.0,52.0,68.0,46.0,0,68.0,760
1,60.0,52.0,74.0,47.0,0,74.0,760
2,60.0,52.0,61.0,48.0,1,48.0,760
3,60.0,52.0,56.0,58.0,0,56.0,760
4,60.0,52.0,66.0,48.0,1,48.0,760
0,60.0,52.0,59.0,67.0,1,67.0,761
1,60.0,52.0,58.0,41.0,1,41.0,761
2,60.0,52.0,59.0,47.0,0,59.0,761
3,60.0,52.0,58.0,55.0,0,58.0,761
4,60.0,52.0,49.0,48.0,1,48.0,761
0,40.0,52.0,57.0,61.0,0,57.0,762
1,40.0,52.0,34.0,48.0,0,34.0,762
2,40.0,52.0,32.0,47.0,1,47.0,762
3,40.0,52.0,40.0,61.0,1,61.0,762
4,40.0,52.0,46.0,56.0,0,46.0,762
5,40.0,52.0,38.0,45.0,1,45.0,762
6,40.0,52.0,43.0,34.0,1,34.0,762
7,40.0,52.0,37.0,45.0,1,45.0,762
8,40.0,52.0,41.0,52.0,0,41.0,762
9,40.0,52.0,31.0,55.0,1,55.0,762
0,68.0,60.0,69.0,54.0,0,69.0,763
1,68.0,60.0,80.0,54.0,1,54.0,763
2,68.0,60.0,66.0,56.0,1,56.0,763
3,68.0,60.0,64.0,63.0,1,63.0,763
4,68.0,60.0,56.0,64.0,0,56.0,763
5,68.0,60.0,63.0,64.0,0,63.0,763
6,68.0,60.0,48.0,49.0,1,49.0,763
7,68.0,60.0,70.0,67.0,1,67.0,763
8,68.0,60.0,73.0,57.0,1,57.0,763
9,68.0,60.0,73.0,71.0,1,71.0,763
0,68.0,60.0,82.0,70.0,1,70.0,764
1,68.0,60.0,74.0,69.0,0,74.0,764
2,68.0,60.0,67.0,62.0,1,62.0,764
3,68.0,60.0,81.0,59.0,0,81.0,764
4,68.0,60.0,55.0,62.0,1,62.0,764
5,68.0,60.0,67.0,65.0,0,67.0,764
6,68.0,60.0,88.0,61.0,1,61.0,764
7,68.0,60.0,68.0,61.0,1,61.0,764
8,68.0,60.0,63.0,56.0,0,63.0,764
9,68.0,60.0,79.0,54.0,1,54.0,764
0,60.0,40.0,52.0,37.0,0,52.0,765
1,60.0,40.0,58.0,33.0,0,58.0,765
2,60.0,40.0,63.0,39.0,1,39.0,765
3,60.0,40.0,48.0,47.0,0,48.0,765
4,60.0,40.0,48.0,34.0,1,34.0,765
5,60.0,40.0,68.0,39.0,1,39.0,765
6,60.0,40.0,66.0,42.0,1,42.0,765
7,60.0,40.0,58.0,31.0,1,31.0,765
8,60.0,40.0,72.0,36.0,1,36.0,765
9,60.0,40.0,63.0,47.0,1,47.0,765
0,32.0,40.0,28.0,50.0,0,28.0,766
1,32.0,40.0,37.0,28.0,0,37.0,766
2,32.0,40.0,38.0,33.0,0,38.0,766
3,32.0,40.0,30.0,45.0,1,45.0,766
4,32.0,40.0,33.0,40.0,0,33.0,766
0,40.0,48.0,39.0,37.0,0,39.0,767
1,40.0,48.0,43.0,45.0,0,43.0,767
2,40.0,48.0,43.0,42.0,1,42.0,767
3,40.0,48.0,27.0,57.0,1,57.0,767
4,40.0,48.0,41.0,41.0,0,41.0,767
0,60.0,40.0,53.0,47.0,0,53.0,768
1,60.0,40.0,54.0,43.0,1,43.0,768
2,60.0,40.0,51.0,38.0,1,38.0,768
3,60.0,40.0,73.0,38.0,1,38.0,768
4,60.0,40.0,68.0,37.0,0,68.0,768
0,80.0,60.0,87.0,67.0,0,87.0,769
1,80.0,60.0,79.0,67.0,1,67.0,769
2,80.0,60.0,69.0,75.0,0,69.0,769
3,80.0,60.0,82.0,68.0,1,68.0,769
4,80.0,60.0,91.0,56.0,0,91.0,769
5,80.0,60.0,60.0,50.0,1,50.0,769
6,80.0,60.0,86.0,60.0,1,60.0,769
7,80.0,60.0,81.0,56.0,1,56.0,769
8,80.0,60.0,93.0,57.0,1,57.0,769
9,80.0,60.0,65.0,53.0,0,65.0,769
0,60.0,68.0,65.0,61.0,0,65.0,770
1,60.0,68.0,68.0,73.0,0,68.0,770
2,60.0,68.0,47.0,67.0,1,67.0,770
3,60.0,68.0,66.0,68.0,0,66.0,770
4,60.0,68.0,60.0,68.0,0,60.0,770
5,60.0,68.0,66.0,63.0,0,66.0,770
6,60.0,68.0,63.0,60.0,1,60.0,770
7,60.0,68.0,74.0,57.0,0,74.0,770
8,60.0,68.0,58.0,75.0,1,75.0,770
9,60.0,68.0,54.0,65.0,1,65.0,770
0,52.0,60.0,54.0,63.0,1,63.0,771
1,52.0,60.0,38.0,56.0,0,38.0,771
2,52.0,60.0,52.0,62.0,0,52.0,771
3,52.0,60.0,48.0,70.0,0,48.0,771
4,52.0,60.0,59.0,53.0,1,53.0,771
0,48.0,40.0,52.0,37.0,1,37.0,772
1,48.0,40.0,57.0,40.0,0,57.0,772
2,48.0,40.0,62.0,28.0,1,28.0,772
3,48.0,40.0,38.0,43.0,0,38.0,772
4,48.0,40.0,59.0,52.0,0,59.0,772
0,70.0,40.0,67.0,44.0,0,67.0,773
1,70.0,40.0,70.0,43.0,1,43.0,773
2,70.0,40.0,50.0,40.0,0,50.0,773
3,70.0,40.0,57.0,39.0,0,57.0,773
4,70.0,40.0,63.0,43.0,1,43.0,773
5,70.0,40.0,69.0,40.0,1,40.0,773
6,70.0,40.0,67.0,45.0,1,45.0,773
7,70.0,40.0,64.0,40.0,1,40.0,773
8,70.0,40.0,75.0,43.0,0,75.0,773
9,70.0,40.0,65.0,39.0,1,39.0,773
0,60.0,80.0,66.0,64.0,0,66.0,774
1,60.0,80.0,63.0,81.0,0,63.0,774
2,60.0,80.0,59.0,77.0,1,77.0,774
3,60.0,80.0,78.0,90.0,1,90.0,774
4,60.0,80.0,62.0,73.0,0,62.0,774
0,40.0,10.0,28.0,2.0,0,28.0,775
1,40.0,10.0,25.0,29.0,0,25.0,775
2,40.0,10.0,37.0,8.0,0,37.0,775
3,40.0,10.0,41.0,3.0,1,3.0,775
4,40.0,10.0,48.0,18.0,0,48.0,775
5,40.0,10.0,54.0,2.0,0,54.0,775
6,40.0,10.0,37.0,5.0,0,37.0,775
7,40.0,10.0,28.0,-16.0,0,28.0,775
8,40.0,10.0,49.0,5.0,1,5.0,775
9,40.0,10.0,45.0,1.0,1,1.0,775
0,40.0,44.0,59.0,46.0,1,46.0,776
1,40.0,44.0,34.0,26.0,0,34.0,776
2,40.0,44.0,48.0,46.0,1,46.0,776
3,40.0,44.0,30.0,52.0,1,52.0,776
4,40.0,44.0,35.0,50.0,0,35.0,776
0,40.0,48.0,40.0,60.0,0,40.0,777
1,40.0,48.0,23.0,62.0,1,62.0,777
2,40.0,48.0,41.0,43.0,0,41.0,777
3,40.0,48.0,51.0,50.0,1,50.0,777
4,40.0,48.0,38.0,43.0,0,38.0,777
0,40.0,10.0,49.0,-2.0,0,49.0,778
1,40.0,10.0,43.0,7.0,0,43.0,778
2,40.0,10.0,44.0,8.0,0,44.0,778
3,40.0,10.0,40.0,12.0,1,12.0,778
4,40.0,10.0,52.0,1.0,0,52.0,778
0,40.0,28.0,51.0,29.0,1,29.0,779
1,40.0,28.0,48.0,20.0,0,48.0,779
2,40.0,28.0,30.0,24.0,0,30.0,779
3,40.0,28.0,41.0,25.0,0,41.0,779
4,40.0,28.0,33.0,38.0,1,38.0,779
5,40.0,28.0,30.0,29.0,1,29.0,779
6,40.0,28.0,35.0,32.0,0,35.0,779
7,40.0,28.0,43.0,30.0,0,43.0,779
8,40.0,28.0,35.0,34.0,1,34.0,779
9,40.0,28.0,20.0,13.0,1,13.0,779
0,20.0,40.0,30.0,44.0,1,44.0,780
1,20.0,40.0,30.0,52.0,0,30.0,780
2,20.0,40.0,26.0,24.0,1,24.0,780
3,20.0,40.0,10.0,48.0,0,10.0,780
4,20.0,40.0,21.0,50.0,1,50.0,780
0,60.0,80.0,56.0,67.0,1,67.0,781
1,60.0,80.0,60.0,72.0,0,60.0,781
2,60.0,80.0,65.0,73.0,1,73.0,781
3,60.0,80.0,47.0,75.0,1,75.0,781
4,60.0,80.0,53.0,77.0,0,53.0,781
5,60.0,80.0,64.0,84.0,0,64.0,781
6,60.0,80.0,65.0,84.0,0,65.0,781
7,60.0,80.0,54.0,85.0,0,54.0,781
8,60.0,80.0,51.0,80.0,1,80.0,781
9,60.0,80.0,54.0,86.0,1,86.0,781
0,60.0,68.0,51.0,68.0,1,68.0,782
1,60.0,68.0,59.0,70.0,1,70.0,782
2,60.0,68.0,48.0,72.0,1,72.0,782
3,60.0,68.0,55.0,76.0,0,55.0,782
4,60.0,68.0,57.0,75.0,0,57.0,782
5,60.0,68.0,55.0,72.0,1,72.0,782
6,60.0,68.0,62.0,67.0,0,62.0,782
7,60.0,68.0,63.0,83.0,0,63.0,782
8,60.0,68.0,58.0,74.0,0,58.0,782
9,60.0,68.0,67.0,81.0,0,67.0,782
0,60.0,52.0,54.0,50.0,1,50.0,783
1,60.0,52.0,46.0,52.0,0,46.0,783
2,60.0,52.0,52.0,42.0,0,52.0,783
3,60.0,52.0,50.0,42.0,0,50.0,783
4,60.0,52.0,83.0,58.0,0,83.0,783
0,64.0,60.0,66.0,68.0,0,66.0,784
1,64.0,60.0,61.0,66.0,0,61.0,784
2,64.0,60.0,66.0,49.0,1,49.0,784
3,64.0,60.0,61.0,45.0,1,45.0,784
4,64.0,60.0,68.0,50.0,1,50.0,784
0,30.0,60.0,25.0,75.0,1,75.0,785
1,30.0,60.0,16.0,62.0,1,62.0,785
2,30.0,60.0,32.0,46.0,0,32.0,785
3,30.0,60.0,20.0,65.0,1,65.0,785
4,30.0,60.0,20.0,54.0,1,54.0,785
5,30.0,60.0,21.0,44.0,1,44.0,785
6,30.0,60.0,22.0,61.0,1,61.0,785
7,30.0,60.0,29.0,71.0,1,71.0,785
8,30.0,60.0,31.0,70.0,0,31.0,785
9,30.0,60.0,34.0,65.0,1,65.0,785
0,40.0,48.0,28.0,42.0,1,42.0,786
1,40.0,48.0,41.0,46.0,0,41.0,786
2,40.0,48.0,41.0,44.0,1,44.0,786
3,40.0,48.0,39.0,51.0,1,51.0,786
4,40.0,48.0,48.0,40.0,1,40.0,786
0,52.0,60.0,48.0,71.0,1,71.0,787
1,52.0,60.0,42.0,51.0,1,51.0,787
2,52.0,60.0,65.0,54.0,0,65.0,787
3,52.0,60.0,56.0,64.0,0,56.0,787
4,52.0,60.0,63.0,44.0,0,63.0,787
0,40.0,32.0,35.0,45.0,1,45.0,788
1,40.0,32.0,33.0,30.0,1,30.0,788
2,40.0,32.0,47.0,23.0,0,47.0,788
3,40.0,32.0,29.0,22.0,0,29.0,788
4,40.0,32.0,44.0,21.0,0,44.0,788
5,40.0,32.0,50.0,29.0,1,29.0,788
6,40.0,32.0,52.0,28.0,0,52.0,788
7,40.0,32.0,40.0,38.0,1,38.0,788
8,40.0,32.0,44.0,15.0,1,15.0,788
9,40.0,32.0,42.0,28.0,1,28.0,788
0,68.0,60.0,58.0,59.0,1,59.0,789
1,68.0,60.0,59.0,56.0,0,59.0,789
2,68.0,60.0,74.0,55.0,0,74.0,789
3,68.0,60.0,59.0,71.0,1,71.0,789
4,68.0,60.0,67.0,60.0,0,67.0,789
0,60.0,40.0,57.0,48.0,1,48.0,790
1,60.0,40.0,51.0,26.0,0,51.0,790
2,60.0,40.0,57.0,36.0,0,57.0,790
3,60.0,40.0,64.0,42.0,0,64.0,790
4,60.0,40.0,52.0,39.0,1,39.0,790
5,60.0,40.0,65.0,39.0,0,65.0,790
6,60.0,40.0,67.0,22.0,1,22.0,790
7,60.0,40.0,69.0,44.0,1,44.0,790
8,60.0,40.0,46.0,44.0,1,44.0,790
9,60.0,40.0,60.0,34.0,1,34.0,790
0,40.0,32.0,40.0,35.0,0,40.0,791
1,40.0,32.0,45.0,22.0,0,45.0,791
2,40.0,32.0,33.0,28.0,1,28.0,791
3,40.0,32.0,37.0,57.0,1,57.0,791
4,40.0,32.0,52.0,38.0,1,38.0,791
0,40.0,10.0,35.0,5.0,0,35.0,792
1,40.0,10.0,37.0,18.0,1,18.0,792
2,40.0,10.0,44.0,-7.0,0,44.0,792
3,40.0,10.0,37.0,8.0,1,8.0,792
4,40.0,10.0,47.0,8.0,1,8.0,792
5,40.0,10.0,35.0,22.0,0,35.0,792
6,40.0,10.0,42.0,5.0,0,42.0,792
7,40.0,10.0,41.0,22.0,1,22.0,792
8,40.0,10.0,42.0,18.0,1,18.0,792
9,40.0,10.0,41.0,22.0,0,41.0,792
0,80.0,60.0,83.0,72.0,0,83.0,793
1,80.0,60.0,83.0,61.0,1,61.0,793
2,80.0,60.0,79.0,43.0,1,43.0,793
3,80.0,60.0,75.0,54.0,1,54.0,793
4,80.0,60.0,72.0,46.0,0,72.0,793
5,80.0,60.0,83.0,48.0,0,83.0,793
6,80.0,60.0,85.0,51.0,0,85.0,793
7,80.0,60.0,83.0,67.0,1,67.0,793
8,80.0,60.0,71.0,52.0,1,52.0,793
9,80.0,60.0,78.0,51.0,1,51.0,793
0,72.0,60.0,59.0,73.0,0,59.0,794
1,72.0,60.0,81.0,60.0,0,81.0,794
2,72.0,60.0,78.0,63.0,1,63.0,794
3,72.0,60.0,78.0,59.0,0,78.0,794
4,72.0,60.0,58.0,49.0,0,58.0,794
0,60.0,40.0,66.0,34.0,1,34.0,795
1,60.0,40.0,60.0,27.0,0,60.0,795
2,60.0,40.0,57.0,42.0,1,42.0,795
3,60.0,40.0,59.0,53.0,1,53.0,795
4,60.0,40.0,71.0,37.0,0,71.0,795
0,40.0,70.0,42.0,60.0,0,42.0,796
1,40.0,70.0,45.0,76.0,0,45.0,796
2,40.0,70.0,47.0,83.0,1,83.0,796
3,40.0,70.0,35.0,60.0,1,60.0,796
4,40.0,70.0,42.0,69.0,0,42.0,796
5,40.0,70.0,44.0,64.0,1,64.0,796
6,40.0,70.0,64.0,72.0,1,72.0,796
7,40.0,70.0,45.0,66.0,1,66.0,796
8,40.0,70.0,38.0,66.0,1,66.0,796
9,40.0,70.0,41.0,70.0,0,41.0,796
0,30.0,60.0,36.0,55.0,1,55.0,797
1,30.0,60.0,23.0,73.0,0,23.0,797
2,30.0,60.0,22.0,66.0,1,66.0,797
3,30.0,60.0,22.0,49.0,0,22.0,797
4,30.0,60.0,26.0,64.0,0,26.0,797
5,30.0,60.0,29.0,62.0,1,62.0,797
6,30.0,60.0,29.0,67.0,0,29.0,797
7,30.0,60.0,39.0,71.0,1,71.0,797
8,30.0,60.0,14.0,67.0,1,67.0,797
9,30.0,60.0,23.0,62.0,1,62.0,797
0,68.0,60.0,62.0,59.0,0,62.0,798
1,68.0,60.0,71.0,56.0,0,71.0,798
2,68.0,60.0,63.0,56.0,1,56.0,798
3,68.0,60.0,70.0,59.0,1,59.0,798
4,68.0,60.0,68.0,62.0,0,68.0,798
5,68.0,60.0,76.0,55.0,0,76.0,798
6,68.0,60.0,77.0,61.0,0,77.0,798
7,68.0,60.0,62.0,58.0,1,58.0,798
8,68.0,60.0,77.0,70.0,0,77.0,798
9,68.0,60.0,63.0,56.0,1,56.0,798
0,40.0,32.0,47.0,27.0,0,47.0,799
1,40.0,32.0,38.0,34.0,1,34.0,799
2,40.0,32.0,38.0,25.0,1,25.0,799
3,40.0,32.0,53.0,31.0,1,31.0,799
4,40.0,32.0,47.0,44.0,0,47.0,799
5,40.0,32.0,41.0,19.0,1,19.0,799
6,40.0,32.0,36.0,39.0,0,36.0,799
7,40.0,32.0,28.0,39.0,1,39.0,799
8,40.0,32.0,48.0,31.0,1,31.0,799
9,40.0,32.0,40.0,29.0,0,40.0,799
0,80.0,60.0,74.0,78.0,0,74.0,800
1,80.0,60.0,74.0,65.0,1,65.0,800
2,80.0,60.0,78.0,51.0,0,78.0,800
3,80.0,60.0,91.0,65.0,0,91.0,800
4,80.0,60.0,92.0,60.0,1,60.0,800
5,80.0,60.0,76.0,59.0,1,59.0,800
6,80.0,60.0,69.0,57.0,0,69.0,800
7,80.0,60.0,91.0,66.0,0,91.0,800
8,80.0,60.0,81.0,52.0,0,81.0,800
9,80.0,60.0,77.0,58.0,1,58.0,800
0,20.0,40.0,36.0,36.0,1,36.0,801
1,20.0,40.0,13.0,28.0,1,28.0,801
2,20.0,40.0,17.0,40.0,0,17.0,801
3,20.0,40.0,35.0,36.0,0,35.0,801
4,20.0,40.0,12.0,42.0,1,42.0,801
0,60.0,56.0,62.0,66.0,1,66.0,802
1,60.0,56.0,63.0,58.0,1,58.0,802
2,60.0,56.0,58.0,66.0,0,58.0,802
3,60.0,56.0,45.0,57.0,0,45.0,802
4,60.0,56.0,55.0,58.0,0,55.0,802
0,70.0,40.0,66.0,43.0,1,43.0,803
1,70.0,40.0,58.0,41.0,0,58.0,803
2,70.0,40.0,66.0,40.0,0,66.0,803
3,70.0,40.0,73.0,48.0,0,73.0,803
4,70.0,40.0,55.0,45.0,0,55.0,803
0,40.0,32.0,48.0,20.0,0,48.0,804
1,40.0,32.0,32.0,34.0,1,34.0,804
2,40.0,32.0,33.0,21.0,0,33.0,804
3,40.0,32.0,32.0,49.0,1,49.0,804
4,40.0,32.0,29.0,31.0,1,31.0,804
0,10.0,40.0,15.0,25.0,0,15.0,805
1,10.0,40.0,4.0,46.0,0,4.0,805
2,10.0,40.0,9.0,41.0,1,41.0,805
3,10.0,40.0,18.0,39.0,1,39.0,805
4,10.0,40.0,11.0,34.0,0,11.0,805
5,10.0,40.0,6.0,35.0,0,6.0,805
6,10.0,40.0,1.0,45.0,0,1.0,805
7,10.0,40.0,6.0,39.0,0,6.0,805
8,10.0,40.0,18.0,49.0,0,18.0,805
9,10.0,40.0,2.0,45.0,1,45.0,805
0,60.0,68.0,51.0,68.0,1,68.0,806
1,60.0,68.0,73.0,72.0,1,72.0,806
2,60.0,68.0,63.0,80.0,0,63.0,806
3,60.0,68.0,53.0,72.0,1,72.0,806
4,60.0,68.0,67.0,59.0,0,67.0,806
5,60.0,68.0,56.0,68.0,1,68.0,806
6,60.0,68.0,55.0,61.0,0,55.0,806
7,60.0,68.0,71.0,63.0,1,63.0,806
8,60.0,68.0,59.0,47.0,1,47.0,806
9,60.0,68.0,61.0,57.0,0,61.0,806
0,48.0,60.0,43.0,60.0,0,43.0,807
1,48.0,60.0,62.0,70.0,0,62.0,807
2,48.0,60.0,40.0,67.0,1,67.0,807
3,48.0,60.0,50.0,69.0,1,69.0,807
4,48.0,60.0,51.0,43.0,0,51.0,807
0,60.0,48.0,52.0,44.0,1,44.0,808
1,60.0,48.0,63.0,39.0,0,63.0,808
2,60.0,48.0,64.0,27.0,1,27.0,808
3,60.0,48.0,63.0,59.0,1,59.0,808
4,60.0,48.0,52.0,64.0,0,52.0,808
0,48.0,60.0,45.0,50.0,1,50.0,809
1,48.0,60.0,45.0,57.0,0,45.0,809
2,48.0,60.0,50.0,54.0,0,50.0,809
3,48.0,60.0,44.0,57.0,0,44.0,809
4,48.0,60.0,49.0,62.0,1,62.0,809
5,48.0,60.0,42.0,54.0,1,54.0,809
6,48.0,60.0,49.0,59.0,1,59.0,809
7,48.0,60.0,40.0,62.0,0,40.0,809
8,48.0,60.0,51.0,45.0,1,45.0,809
9,48.0,60.0,46.0,70.0,1,70.0,809
0,40.0,44.0,17.0,25.0,1,25.0,810
1,40.0,44.0,43.0,33.0,1,33.0,810
2,40.0,44.0,28.0,45.0,1,45.0,810
3,40.0,44.0,38.0,29.0,0,38.0,810
4,40.0,44.0,45.0,42.0,0,45.0,810
0,56.0,60.0,51.0,61.0,1,61.0,811
1,56.0,60.0,54.0,60.0,1,60.0,811
2,56.0,60.0,65.0,51.0,0,65.0,811
3,56.0,60.0,72.0,64.0,0,72.0,811
4,56.0,60.0,52.0,61.0,0,52.0,811
0,40.0,52.0,30.0,48.0,0,30.0,812
1,40.0,52.0,34.0,47.0,0,34.0,812
2,40.0,52.0,41.0,61.0,0,41.0,812
3,40.0,52.0,41.0,51.0,1,51.0,812
4,40.0,52.0,40.0,49.0,1,49.0,812
0,40.0,32.0,40.0,22.0,0,40.0,813
1,40.0,32.0,55.0,34.0,0,55.0,813
2,40.0,32.0,43.0,48.0,0,43.0,813
3,40.0,32.0,43.0,28.0,1,28.0,813
4,40.0,32.0,36.0,35.0,1,35.0,813
0,64.0,60.0,58.0,62.0,0,58.0,814
1,64.0,60.0,76.0,59.0,0,76.0,814
2,64.0,60.0,71.0,81.0,0,71.0,814
3,64.0,60.0,70.0,79.0,1,79.0,814
4,64.0,60.0,55.0,60.0,0,55.0,814
0,52.0,40.0,45.0,38.0,1,38.0,815
1,52.0,40.0,54.0,50.0,0,54.0,815
2,52.0,40.0,72.0,35.0,0,72.0,815
3,52.0,40.0,47.0,38.0,1,38.0,815
4,52.0,40.0,56.0,32.0,1,32.0,815
0,40.0,48.0,38.0,40.0,0,38.0,816
1,40.0,48.0,45.0,50.0,1,50.0,816
2,40.0,48.0,47.0,49.0,1,49.0,816
3,40.0,48.0,46.0,49.0,0,46.0,816
4,40.0,48.0,48.0,53.0,0,48.0,816
5,40.0,48.0,26.0,39.0,1,39.0,816
6,40.0,48.0,45.0,37.0,1,37.0,816
7,40.0,48.0,39.0,34.0,0,39.0,816
8,40.0,48.0,33.0,46.0,0,33.0,816
9,40.0,48.0,37.0,45.0,1,45.0,816
0,48.0,60.0,50.0,62.0,0,50.0,817
1,48.0,60.0,52.0,57.0,0,52.0,817
2,48.0,60.0,55.0,68.0,1,68.0,817
3,48.0,60.0,60.0,65.0,0,60.0,817
4,48.0,60.0,44.0,63.0,1,63.0,817
0,48.0,60.0,47.0,53.0,0,47.0,818
1,48.0,60.0,58.0,37.0,1,37.0,818
2,48.0,60.0,53.0,63.0,0,53.0,818
3,48.0,60.0,47.0,66.0,1,66.0,818
4,48.0,60.0,50.0,74.0,0,50.0,818
5,48.0,60.0,42.0,72.0,0,42.0,818
6,48.0,60.0,59.0,60.0,1,60.0,818
7,48.0,60.0,62.0,62.0,0,62.0,818
8,48.0,60.0,48.0,54.0,0,48.0,818
9,48.0,60.0,46.0,73.0,0,46.0,818
0,40.0,60.0,30.0,50.0,0,30.0,819
1,40.0,60.0,29.0,58.0,0,29.0,819
2,40.0,60.0,50.0,49.0,1,49.0,819
3,40.0,60.0,38.0,75.0,0,38.0,819
4,40.0,60.0,43.0,67.0,1,67.0,819
5,40.0,60.0,38.0,71.0,0,38.0,819
6,40.0,60.0,48.0,61.0,0,48.0,819
7,40.0,60.0,47.0,75.0,1,75.0,819
8,40.0,60.0,41.0,67.0,0,41.0,819
9,40.0,60.0,22.0,72.0,1,72.0,819
0,64.0,60.0,78.0,61.0,1,61.0,820
1,64.0,60.0,61.0,41.0,0,61.0,820
2,64.0,60.0,65.0,43.0,1,43.0,820
3,64.0,60.0,60.0,60.0,1,60.0,820
4,64.0,60.0,67.0,59.0,0,67.0,820
5,64.0,60.0,64.0,73.0,0,64.0,820
6,64.0,60.0,60.0,65.0,0,60.0,820
7,64.0,60.0,68.0,63.0,0,68.0,820
8,64.0,60.0,71.0,67.0,0,71.0,820
9,64.0,60.0,67.0,57.0,1,57.0,820
0,40.0,60.0,25.0,56.0,0,25.0,821
1,40.0,60.0,41.0,59.0,0,41.0,821
2,40.0,60.0,33.0,56.0,1,56.0,821
3,40.0,60.0,44.0,52.0,1,52.0,821
4,40.0,60.0,38.0,66.0,0,38.0,821
0,30.0,60.0,31.0,70.0,1,70.0,822
1,30.0,60.0,24.0,74.0,1,74.0,822
2,30.0,60.0,46.0,61.0,0,46.0,822
3,30.0,60.0,33.0,55.0,1,55.0,822
4,30.0,60.0,29.0,55.0,1,55.0,822
5,30.0,60.0,19.0,55.0,1,55.0,822
6,30.0,60.0,25.0,49.0,1,49.0,822
7,30.0,60.0,34.0,55.0,0,34.0,822
8,30.0,60.0,28.0,57.0,1,57.0,822
9,30.0,60.0,26.0,52.0,1,52.0,822
0,60.0,68.0,58.0,80.0,0,58.0,823
1,60.0,68.0,69.0,59.0,0,69.0,823
2,60.0,68.0,67.0,65.0,1,65.0,823
3,60.0,68.0,63.0,64.0,1,64.0,823
4,60.0,68.0,64.0,80.0,0,64.0,823
5,60.0,68.0,42.0,59.0,0,42.0,823
6,60.0,68.0,51.0,71.0,1,71.0,823
7,60.0,68.0,74.0,77.0,0,74.0,823
8,60.0,68.0,61.0,62.0,0,61.0,823
9,60.0,68.0,47.0,63.0,1,63.0,823
0,70.0,40.0,64.0,24.0,1,24.0,824
1,70.0,40.0,74.0,43.0,1,43.0,824
2,70.0,40.0,77.0,47.0,0,77.0,824
3,70.0,40.0,71.0,41.0,1,41.0,824
4,70.0,40.0,62.0,51.0,0,62.0,824
0,28.0,40.0,18.0,39.0,0,18.0,825
1,28.0,40.0,13.0,42.0,1,42.0,825
2,28.0,40.0,39.0,59.0,1,59.0,825
3,28.0,40.0,37.0,48.0,1,48.0,825
4,28.0,40.0,35.0,60.0,0,35.0,825
5,28.0,40.0,29.0,49.0,0,29.0,825
6,28.0,40.0,24.0,46.0,1,46.0,825
7,28.0,40.0,40.0,36.0,0,40.0,825
8,28.0,40.0,18.0,37.0,0,18.0,825
9,28.0,40.0,17.0,32.0,0,17.0,825
0,68.0,60.0,77.0,61.0,0,77.0,826
1,68.0,60.0,63.0,61.0,1,61.0,826
2,68.0,60.0,77.0,64.0,0,77.0,826
3,68.0,60.0,70.0,69.0,1,69.0,826
4,68.0,60.0,83.0,66.0,0,83.0,826
0,36.0,40.0,24.0,27.0,0,24.0,827
1,36.0,40.0,28.0,34.0,0,28.0,827
2,36.0,40.0,50.0,42.0,1,42.0,827
3,36.0,40.0,21.0,49.0,1,49.0,827
4,36.0,40.0,34.0,39.0,1,39.0,827
0,52.0,60.0,53.0,63.0,1,63.0,828
1,52.0,60.0,52.0,66.0,1,66.0,828
2,52.0,60.0,49.0,47.0,0,49.0,828
3,52.0,60.0,39.0,51.0,0,39.0,828
4,52.0,60.0,44.0,59.0,1,59.0,828
5,52.0,60.0,49.0,65.0,1,65.0,828
6,52.0,60.0,53.0,59.0,1,59.0,828
7,52.0,60.0,57.0,54.0,1,54.0,828
8,52.0,60.0,73.0,70.0,0,73.0,828
9,52.0,60.0,54.0,58.0,0,54.0,828
0,70.0,40.0,66.0,39.0,0,66.0,829
1,70.0,40.0,72.0,36.0,1,36.0,829
2,70.0,40.0,73.0,40.0,1,40.0,829
3,70.0,40.0,58.0,41.0,1,41.0,829
4,70.0,40.0,55.0,37.0,1,37.0,829
5,70.0,40.0,59.0,46.0,1,46.0,829
6,70.0,40.0,81.0,46.0,1,46.0,829
7,70.0,40.0,81.0,44.0,0,81.0,829
8,70.0,40.0,59.0,45.0,0,59.0,829
9,70.0,40.0,59.0,46.0,0,59.0,829
0,44.0,40.0,36.0,42.0,0,36.0,830
1,44.0,40.0,39.0,35.0,1,35.0,830
2,44.0,40.0,41.0,40.0,1,40.0,830
3,44.0,40.0,44.0,40.0,0,44.0,830
4,44.0,40.0,46.0,34.0,0,46.0,830
5,44.0,40.0,50.0,47.0,1,47.0,830
6,44.0,40.0,45.0,36.0,1,36.0,830
7,44.0,40.0,41.0,62.0,0,41.0,830
8,44.0,40.0,37.0,38.0,0,37.0,830
9,44.0,40.0,49.0,29.0,0,49.0,830
0,52.0,40.0,54.0,43.0,1,43.0,831
1,52.0,40.0,54.0,26.0,0,54.0,831
2,52.0,40.0,47.0,39.0,0,47.0,831
3,52.0,40.0,50.0,31.0,1,31.0,831
4,52.0,40.0,62.0,48.0,0,62.0,831
0,40.0,32.0,40.0,42.0,0,40.0,832
1,40.0,32.0,21.0,41.0,0,21.0,832
2,40.0,32.0,33.0,37.0,0,33.0,832
3,40.0,32.0,32.0,41.0,1,41.0,832
4,40.0,32.0,48.0,26.0,0,48.0,832
5,40.0,32.0,44.0,28.0,1,28.0,832
6,40.0,32.0,43.0,43.0,0,43.0,832
7,40.0,32.0,50.0,31.0,0,50.0,832
8,40.0,32.0,36.0,27.0,1,27.0,832
9,40.0,32.0,30.0,46.0,0,30.0,832
0,60.0,40.0,57.0,38.0,0,57.0,833
1,60.0,40.0,69.0,54.0,1,54.0,833
2,60.0,40.0,53.0,41.0,1,41.0,833
3,60.0,40.0,45.0,29.0,0,45.0,833
4,60.0,40.0,71.0,40.0,1,40.0,833
0,60.0,90.0,63.0,92.0,1,92.0,834
1,60.0,90.0,71.0,106.0,1,106.0,834
2,60.0,90.0,59.0,87.0,1,87.0,834
3,60.0,90.0,49.0,96.0,0,49.0,834
4,60.0,90.0,53.0,91.0,0,53.0,834
5,60.0,90.0,65.0,99.0,1,99.0,834
6,60.0,90.0,45.0,76.0,0,45.0,834
7,60.0,90.0,49.0,95.0,0,49.0,834
8,60.0,90.0,74.0,84.0,0,74.0,834
9,60.0,90.0,54.0,98.0,1,98.0,834
0,20.0,40.0,15.0,36.0,1,36.0,835
1,20.0,40.0,21.0,51.0,0,21.0,835
2,20.0,40.0,31.0,34.0,1,34.0,835
3,20.0,40.0,42.0,33.0,0,42.0,835
4,20.0,40.0,20.0,49.0,1,49.0,835
5,20.0,40.0,13.0,45.0,0,13.0,835
6,20.0,40.0,23.0,36.0,1,36.0,835
7,20.0,40.0,24.0,51.0,0,24.0,835
8,20.0,40.0,25.0,37.0,0,25.0,835
9,20.0,40.0,7.0,46.0,0,7.0,835
0,40.0,36.0,43.0,24.0,1,24.0,836
1,40.0,36.0,33.0,38.0,1,38.0,836
2,40.0,36.0,26.0,46.0,0,26.0,836
3,40.0,36.0,20.0,33.0,0,20.0,836
4,40.0,36.0,50.0,38.0,0,50.0,836
5,40.0,36.0,45.0,29.0,1,29.0,836
6,40.0,36.0,41.0,34.0,0,41.0,836
7,40.0,36.0,45.0,34.0,0,45.0,836
8,40.0,36.0,36.0,41.0,1,41.0,836
9,40.0,36.0,25.0,41.0,0,25.0,836
0,40.0,36.0,47.0,26.0,0,47.0,837
1,40.0,36.0,36.0,30.0,1,30.0,837
2,40.0,36.0,41.0,40.0,0,41.0,837
3,40.0,36.0,44.0,18.0,1,18.0,837
4,40.0,36.0,37.0,38.0,0,37.0,837
5,40.0,36.0,36.0,43.0,1,43.0,837
6,40.0,36.0,45.0,44.0,0,45.0,837
7,40.0,36.0,25.0,39.0,0,25.0,837
8,40.0,36.0,52.0,33.0,0,52.0,837
9,40.0,36.0,37.0,33.0,0,37.0,837
0,10.0,40.0,4.0,20.0,1,20.0,838
1,10.0,40.0,23.0,36.0,0,23.0,838
2,10.0,40.0,22.0,33.0,1,33.0,838
3,10.0,40.0,16.0,34.0,0,16.0,838
4,10.0,40.0,9.0,39.0,0,9.0,838
0,64.0,60.0,80.0,78.0,0,80.0,839
1,64.0,60.0,63.0,64.0,0,63.0,839
2,64.0,60.0,75.0,53.0,1,53.0,839
3,64.0,60.0,60.0,60.0,1,60.0,839
4,64.0,60.0,54.0,68.0,1,68.0,839
0,40.0,10.0,36.0,19.0,0,36.0,840
1,40.0,10.0,44.0,3.0,0,44.0,840
2,40.0,10.0,30.0,1.0,1,1.0,840
3,40.0,10.0,34.0,4.0,1,4.0,840
4,40.0,10.0,46.0,5.0,1,5.0,840
5,40.0,10.0,45.0,-3.0,1,-3.0,840
6,40.0,10.0,58.0,17.0,1,17.0,840
7,40.0,10.0,30.0,-8.0,1,-8.0,840
8,40.0,10.0,40.0,-19.0,1,-19.0,840
9,40.0,10.0,49.0,13.0,1,13.0,840
0,72.0,60.0,75.0,44.0,0,75.0,841
1,72.0,60.0,81.0,57.0,0,81.0,841
2,72.0,60.0,81.0,60.0,1,60.0,841
3,72.0,60.0,87.0,48.0,1,48.0,841
4,72.0,60.0,73.0,75.0,0,73.0,841
0,60.0,56.0,68.0,50.0,1,50.0,842
1,60.0,56.0,59.0,54.0,1,54.0,842
2,60.0,56.0,62.0,63.0,0,62.0,842
3,60.0,56.0,57.0,65.0,0,57.0,842
4,60.0,56.0,67.0,58.0,0,67.0,842
5,60.0,56.0,50.0,49.0,1,49.0,842
6,60.0,56.0,69.0,47.0,0,69.0,842
7,60.0,56.0,64.0,59.0,0,64.0,842
8,60.0,56.0,52.0,54.0,1,54.0,842
9,60.0,56.0,68.0,50.0,1,50.0,842
0,40.0,60.0,48.0,49.0,1,49.0,843
1,40.0,60.0,48.0,53.0,0,48.0,843
2,40.0,60.0,33.0,64.0,0,33.0,843
3,40.0,60.0,42.0,60.0,0,42.0,843
4,40.0,60.0,55.0,73.0,1,73.0,843
0,20.0,40.0,2.0,31.0,0,2.0,844
1,20.0,40.0,30.0,34.0,1,34.0,844
2,20.0,40.0,16.0,40.0,1,40.0,844
3,20.0,40.0,23.0,40.0,0,23.0,844
4,20.0,40.0,9.0,42.0,0,9.0,844
0,68.0,60.0,71.0,68.0,0,71.0,845
1,68.0,60.0,68.0,63.0,1,63.0,845
2,68.0,60.0,62.0,52.0,1,52.0,845
3,68.0,60.0,70.0,69.0,0,70.0,845
4,68.0,60.0,72.0,52.0,1,52.0,845
5,68.0,60.0,67.0,61.0,0,67.0,845
6,68.0,60.0,80.0,66.0,1,66.0,845
7,68.0,60.0,74.0,53.0,1,53.0,845
8,68.0,60.0,72.0,64.0,1,64.0,845
9,68.0,60.0,79.0,60.0,1,60.0,845
0,60.0,72.0,60.0,81.0,1,81.0,846
1,60.0,72.0,58.0,67.0,0,58.0,846
2,60.0,72.0,62.0,75.0,1,75.0,846
3,60.0,72.0,49.0,75.0,1,75.0,846
4,60.0,72.0,53.0,54.0,1,54.0,846
5,60.0,72.0,71.0,64.0,0,71.0,846
6,60.0,72.0,71.0,71.0,0,71.0,846
7,60.0,72.0,54.0,67.0,0,54.0,846
8,60.0,72.0,49.0,71.0,0,49.0,846
9,60.0,72.0,57.0,77.0,0,57.0,846
0,40.0,36.0,39.0,48.0,1,48.0,847
1,40.0,36.0,51.0,29.0,1,29.0,847
2,40.0,36.0,34.0,33.0,0,34.0,847
3,40.0,36.0,58.0,40.0,1,40.0,847
4,40.0,36.0,49.0,27.0,0,49.0,847
5,40.0,36.0,48.0,29.0,0,48.0,847
6,40.0,36.0,42.0,26.0,0,42.0,847
7,40.0,36.0,39.0,38.0,0,39.0,847
8,40.0,36.0,33.0,26.0,0,33.0,847
9,40.0,36.0,37.0,38.0,0,37.0,847
0,40.0,28.0,37.0,26.0,1,26.0,848
1,40.0,28.0,25.0,33.0,1,33.0,848
2,40.0,28.0,46.0,38.0,0,46.0,848
3,40.0,28.0,46.0,30.0,1,30.0,848
4,40.0,28.0,18.0,31.0,1,31.0,848
5,40.0,28.0,51.0,49.0,0,51.0,848
6,40.0,28.0,35.0,32.0,0,35.0,848
7,40.0,28.0,35.0,32.0,1,32.0,848
8,40.0,28.0,37.0,37.0,0,37.0,848
9,40.0,28.0,37.0,35.0,0,37.0,848
0,40.0,70.0,58.0,67.0,0,58.0,849
1,40.0,70.0,45.0,67.0,1,67.0,849
2,40.0,70.0,41.0,82.0,0,41.0,849
3,40.0,70.0,34.0,68.0,0,34.0,849
4,40.0,70.0,31.0,67.0,0,31.0,849
5,40.0,70.0,34.0,62.0,0,34.0,849
6,40.0,70.0,31.0,79.0,0,31.0,849
7,40.0,70.0,46.0,62.0,1,62.0,849
8,40.0,70.0,34.0,89.0,0,34.0,849
9,40.0,70.0,46.0,70.0,0,46.0,849
0,36.0,40.0,30.0,26.0,0,30.0,850
1,36.0,40.0,42.0,41.0,1,41.0,850
2,36.0,40.0,38.0,35.0,1,35.0,850
3,36.0,40.0,42.0,30.0,0,42.0,850
4,36.0,40.0,39.0,54.0,1,54.0,850
5,36.0,40.0,35.0,37.0,0,35.0,850
6,36.0,40.0,39.0,45.0,0,39.0,850
7,36.0,40.0,32.0,38.0,0,32.0,850
8,36.0,40.0,37.0,49.0,0,37.0,850
9,36.0,40.0,33.0,55.0,0,33.0,850
0,40.0,44.0,32.0,37.0,1,37.0,851
1,40.0,44.0,34.0,40.0,0,34.0,851
2,40.0,44.0,30.0,50.0,0,30.0,851
3,40.0,44.0,47.0,41.0,0,47.0,851
4,40.0,44.0,43.0,41.0,1,41.0,851
0,60.0,80.0,81.0,82.0,0,81.0,852
1,60.0,80.0,66.0,77.0,0,66.0,852
2,60.0,80.0,56.0,78.0,1,78.0,852
3,60.0,80.0,63.0,65.0,0,63.0,852
4,60.0,80.0,57.0,66.0,1,66.0,852
0,48.0,40.0,39.0,53.0,0,39.0,853
1,48.0,40.0,44.0,49.0,0,44.0,853
2,48.0,40.0,60.0,47.0,1,47.0,853
3,48.0,40.0,34.0,34.0,1,34.0,853
4,48.0,40.0,54.0,45.0,0,54.0,853
0,28.0,40.0,42.0,40.0,1,40.0,854
1,28.0,40.0,48.0,48.0,0,48.0,854
2,28.0,40.0,35.0,32.0,0,35.0,854
3,28.0,40.0,33.0,39.0,1,39.0,854
4,28.0,40.0,25.0,53.0,1,53.0,854
5,28.0,40.0,24.0,30.0,0,24.0,854
6,28.0,40.0,31.0,36.0,0,31.0,854
7,28.0,40.0,32.0,42.0,1,42.0,854
8,28.0,40.0,60.0,32.0,0,60.0,854
9,28.0,40.0,35.0,28.0,0,35.0,854
0,60.0,52.0,55.0,53.0,0,55.0,855
1,60.0,52.0,64.0,48.0,1,48.0,855
2,60.0,52.0,61.0,42.0,0,61.0,855
3,60.0,52.0,62.0,48.0,1,48.0,855
4,60.0,52.0,49.0,53.0,0,49.0,855
5,60.0,52.0,53.0,45.0,0,53.0,855
6,60.0,52.0,62.0,48.0,1,48.0,855
7,60.0,52.0,60.0,46.0,0,60.0,855
8,60.0,52.0,57.0,47.0,0,57.0,855
9,60.0,52.0,50.0,57.0,1,57.0,855
0,60.0,64.0,58.0,65.0,0,58.0,856
1,60.0,64.0,46.0,65.0,1,65.0,856
2,60.0,64.0,61.0,63.0,0,61.0,856
3,60.0,64.0,67.0,63.0,0,67.0,856
4,60.0,64.0,54.0,64.0,1,64.0,856
5,60.0,64.0,57.0,64.0,1,64.0,856
6,60.0,64.0,68.0,61.0,0,68.0,856
7,60.0,64.0,66.0,54.0,0,66.0,856
8,60.0,64.0,42.0,54.0,0,42.0,856
9,60.0,64.0,52.0,62.0,1,62.0,856
0,36.0,40.0,34.0,43.0,0,34.0,857
1,36.0,40.0,24.0,45.0,0,24.0,857
2,36.0,40.0,45.0,42.0,1,42.0,857
3,36.0,40.0,50.0,24.0,1,24.0,857
4,36.0,40.0,41.0,34.0,1,34.0,857
5,36.0,40.0,37.0,35.0,0,37.0,857
6,36.0,40.0,24.0,51.0,1,51.0,857
7,36.0,40.0,26.0,36.0,0,26.0,857
8,36.0,40.0,31.0,24.0,0,31.0,857
9,36.0,40.0,37.0,45.0,0,37.0,857
0,10.0,40.0,3.0,20.0,0,3.0,858
1,10.0,40.0,-2.0,37.0,1,37.0,858
2,10.0,40.0,-2.0,45.0,0,-2.0,858
3,10.0,40.0,19.0,40.0,1,40.0,858
4,10.0,40.0,8.0,46.0,0,8.0,858
5,10.0,40.0,18.0,47.0,0,18.0,858
6,10.0,40.0,3.0,56.0,0,3.0,858
7,10.0,40.0,13.0,41.0,0,13.0,858
8,10.0,40.0,9.0,47.0,0,9.0,858
9,10.0,40.0,7.0,34.0,0,7.0,858
0,80.0,60.0,82.0,50.0,1,50.0,859
1,80.0,60.0,66.0,69.0,0,66.0,859
2,80.0,60.0,79.0,66.0,0,79.0,859
3,80.0,60.0,70.0,66.0,0,70.0,859
4,80.0,60.0,79.0,52.0,0,79.0,859
0,20.0,40.0,16.0,34.0,0,16.0,860
1,20.0,40.0,25.0,40.0,1,40.0,860
2,20.0,40.0,19.0,34.0,0,19.0,860
3,20.0,40.0,31.0,38.0,0,31.0,860
4,20.0,40.0,5.0,26.0,0,5.0,860
0,80.0,60.0,80.0,53.0,1,53.0,861
1,80.0,60.0,87.0,72.0,0,87.0,861
2,80.0,60.0,76.0,60.0,0,76.0,861
3,80.0,60.0,86.0,65.0,0,86.0,861
4,80.0,60.0,81.0,59.0,0,81.0,861
5,80.0,60.0,82.0,53.0,1,53.0,861
6,80.0,60.0,80.0,48.0,0,80.0,861
7,80.0,60.0,93.0,66.0,0,93.0,861
8,80.0,60.0,78.0,58.0,0,78.0,861
9,80.0,60.0,77.0,66.0,1,66.0,861
0,60.0,52.0,59.0,66.0,0,59.0,862
1,60.0,52.0,67.0,64.0,0,67.0,862
2,60.0,52.0,51.0,58.0,1,58.0,862
3,60.0,52.0,72.0,54.0,1,54.0,862
4,60.0,52.0,50.0,45.0,0,50.0,862
0,48.0,40.0,51.0,34.0,0,51.0,863
1,48.0,40.0,51.0,55.0,0,51.0,863
2,48.0,40.0,50.0,60.0,1,60.0,863
3,48.0,40.0,60.0,33.0,1,33.0,863
4,48.0,40.0,47.0,47.0,1,47.0,863
0,40.0,20.0,45.0,15.0,0,45.0,864
1,40.0,20.0,58.0,30.0,0,58.0,864
2,40.0,20.0,32.0,28.0,1,28.0,864
3,40.0,20.0,27.0,9.0,0,27.0,864
4,40.0,20.0,48.0,26.0,0,48.0,864
0,60.0,64.0,80.0,68.0,0,80.0,865
1,60.0,64.0,53.0,57.0,1,57.0,865
2,60.0,64.0,69.0,71.0,0,69.0,865
3,60.0,64.0,56.0,85.0,0,56.0,865
4,60.0,64.0,53.0,56.0,1,56.0,865
0,60.0,72.0,72.0,72.0,1,72.0,866
1,60.0,72.0,50.0,73.0,1,73.0,866
2,60.0,72.0,68.0,71.0,1,71.0,866
3,60.0,72.0,65.0,69.0,0,65.0,866
4,60.0,72.0,66.0,77.0,0,66.0,866
0,60.0,68.0,58.0,70.0,1,70.0,867
1,60.0,68.0,65.0,81.0,1,81.0,867
2,60.0,68.0,56.0,56.0,1,56.0,867
3,60.0,68.0,58.0,64.0,0,58.0,867
4,60.0,68.0,58.0,65.0,0,58.0,867
0,44.0,40.0,36.0,29.0,1,29.0,868
1,44.0,40.0,32.0,43.0,1,43.0,868
2,44.0,40.0,47.0,44.0,0,47.0,868
3,44.0,40.0,42.0,37.0,1,37.0,868
4,44.0,40.0,29.0,53.0,0,29.0,868
5,44.0,40.0,43.0,41.0,0,43.0,868
6,44.0,40.0,38.0,46.0,1,46.0,868
7,44.0,40.0,36.0,39.0,0,36.0,868
8,44.0,40.0,42.0,32.0,1,32.0,868
9,44.0,40.0,43.0,45.0,0,43.0,868
0,40.0,60.0,28.0,57.0,0,28.0,869
1,40.0,60.0,34.0,63.0,1,63.0,869
2,40.0,60.0,46.0,60.0,1,60.0,869
3,40.0,60.0,46.0,55.0,1,55.0,869
4,40.0,60.0,28.0,62.0,1,62.0,869
0,44.0,40.0,46.0,28.0,1,28.0,870
1,44.0,40.0,30.0,48.0,0,30.0,870
2,44.0,40.0,30.0,31.0,0,30.0,870
3,44.0,40.0,37.0,50.0,0,37.0,870
4,44.0,40.0,34.0,38.0,1,38.0,870
0,40.0,60.0,48.0,58.0,1,58.0,871
1,40.0,60.0,53.0,67.0,1,67.0,871
2,40.0,60.0,50.0,63.0,0,50.0,871
3,40.0,60.0,21.0,59.0,0,21.0,871
4,40.0,60.0,43.0,55.0,0,43.0,871
5,40.0,60.0,23.0,44.0,0,23.0,871
6,40.0,60.0,44.0,59.0,0,44.0,871
7,40.0,60.0,58.0,56.0,1,56.0,871
8,40.0,60.0,35.0,61.0,1,61.0,871
9,40.0,60.0,59.0,59.0,0,59.0,871
0,40.0,70.0,41.0,70.0,0,41.0,872
1,40.0,70.0,45.0,62.0,1,62.0,872
2,40.0,70.0,28.0,58.0,1,58.0,872
3,40.0,70.0,38.0,67.0,1,67.0,872
4,40.0,70.0,34.0,65.0,0,34.0,872
0,68.0,60.0,63.0,71.0,1,71.0,873
1,68.0,60.0,70.0,51.0,1,51.0,873
2,68.0,60.0,80.0,64.0,0,80.0,873
3,68.0,60.0,58.0,62.0,0,58.0,873
4,68.0,60.0,78.0,64.0,1,64.0,873
5,68.0,60.0,73.0,57.0,0,73.0,873
6,68.0,60.0,52.0,56.0,0,52.0,873
7,68.0,60.0,62.0,56.0,0,62.0,873
8,68.0,60.0,80.0,57.0,0,80.0,873
9,68.0,60.0,78.0,70.0,1,70.0,873
0,40.0,28.0,23.0,22.0,0,23.0,874
1,40.0,28.0,39.0,21.0,1,21.0,874
2,40.0,28.0,40.0,23.0,1,23.0,874
3,40.0,28.0,52.0,20.0,0,52.0,874
4,40.0,28.0,41.0,35.0,0,41.0,874
0,44.0,40.0,37.0,44.0,1,44.0,875
1,44.0,40.0,52.0,37.0,1,37.0,875
2,44.0,40.0,34.0,39.0,1,39.0,875
3,44.0,40.0,32.0,33.0,0,32.0,875
4,44.0,40.0,42.0,42.0,0,42.0,875
0,52.0,60.0,53.0,59.0,1,59.0,876
1,52.0,60.0,68.0,62.0,0,68.0,876
2,52.0,60.0,55.0,55.0,0,55.0,876
3,52.0,60.0,52.0,57.0,1,57.0,876
4,52.0,60.0,54.0,67.0,0,54.0,876
5,52.0,60.0,53.0,68.0,1,68.0,876
6,52.0,60.0,57.0,45.0,0,57.0,876
7,52.0,60.0,67.0,61.0,1,61.0,876
8,52.0,60.0,51.0,61.0,1,61.0,876
9,52.0,60.0,61.0,62.0,0,61.0,876
0,40.0,28.0,49.0,36.0,1,36.0,877
1,40.0,28.0,44.0,23.0,0,44.0,877
2,40.0,28.0,30.0,29.0,0,30.0,877
3,40.0,28.0,35.0,34.0,1,34.0,877
4,40.0,28.0,49.0,4.0,0,49.0,877
5,40.0,28.0,32.0,31.0,1,31.0,877
6,40.0,28.0,50.0,31.0,0,50.0,877
7,40.0,28.0,33.0,26.0,1,26.0,877
8,40.0,28.0,46.0,31.0,1,31.0,877
9,40.0,28.0,32.0,46.0,0,32.0,877
0,40.0,28.0,41.0,18.0,0,41.0,878
1,40.0,28.0,34.0,26.0,0,34.0,878
2,40.0,28.0,39.0,25.0,0,39.0,878
3,40.0,28.0,19.0,25.0,1,25.0,878
4,40.0,28.0,36.0,35.0,0,36.0,878
0,40.0,52.0,38.0,69.0,1,69.0,879
1,40.0,52.0,38.0,51.0,1,51.0,879
2,40.0,52.0,33.0,54.0,0,33.0,879
3,40.0,52.0,44.0,64.0,1,64.0,879
4,40.0,52.0,39.0,54.0,1,54.0,879
5,40.0,52.0,36.0,62.0,1,62.0,879
6,40.0,52.0,48.0,53.0,1,53.0,879
7,40.0,52.0,54.0,53.0,0,54.0,879
8,40.0,52.0,43.0,32.0,0,43.0,879
9,40.0,52.0,31.0,51.0,0,31.0,879
0,40.0,44.0,35.0,49.0,0,35.0,880
1,40.0,44.0,53.0,38.0,0,53.0,880
2,40.0,44.0,45.0,59.0,1,59.0,880
3,40.0,44.0,53.0,46.0,0,53.0,880
4,40.0,44.0,47.0,54.0,0,47.0,880
0,36.0,40.0,43.0,27.0,1,27.0,881
1,36.0,40.0,29.0,45.0,0,29.0,881
2,36.0,40.0,34.0,48.0,1,48.0,881
3,36.0,40.0,22.0,45.0,1,45.0,881
4,36.0,40.0,43.0,33.0,0,43.0,881
0,90.0,60.0,93.0,57.0,0,93.0,882
1,90.0,60.0,110.0,59.0,1,59.0,882
2,90.0,60.0,93.0,56.0,1,56.0,882
3,90.0,60.0,86.0,56.0,1,56.0,882
4,90.0,60.0,85.0,65.0,0,85.0,882
0,40.0,32.0,34.0,24.0,1,24.0,883
1,40.0,32.0,34.0,31.0,0,34.0,883
2,40.0,32.0,51.0,28.0,1,28.0,883
3,40.0,32.0,54.0,35.0,0,54.0,883
4,40.0,32.0,35.0,41.0,0,35.0,883
5,40.0,32.0,38.0,32.0,0,38.0,883
6,40.0,32.0,29.0,39.0,1,39.0,883
7,40.0,32.0,35.0,34.0,1,34.0,883
8,40.0,32.0,34.0,38.0,1,38.0,883
9,40.0,32.0,37.0,24.0,0,37.0,883
0,10.0,40.0,19.0,41.0,1,41.0,884
1,10.0,40.0,16.0,34.0,0,16.0,884
2,10.0,40.0,12.0,34.0,0,12.0,884
3,10.0,40.0,11.0,46.0,1,46.0,884
4,10.0,40.0,20.0,32.0,1,32.0,884
0,68.0,60.0,71.0,68.0,1,68.0,885
1,68.0,60.0,71.0,60.0,1,60.0,885
2,68.0,60.0,57.0,74.0,0,57.0,885
3,68.0,60.0,84.0,74.0,1,74.0,885
4,68.0,60.0,58.0,68.0,1,68.0,885
5,68.0,60.0,76.0,55.0,1,55.0,885
6,68.0,60.0,68.0,63.0,0,68.0,885
7,68.0,60.0,71.0,56.0,1,56.0,885
8,68.0,60.0,64.0,67.0,1,67.0,885
9,68.0,60.0,66.0,58.0,1,58.0,885
0,48.0,60.0,60.0,60.0,0,60.0,886
1,48.0,60.0,50.0,47.0,1,47.0,886
2,48.0,60.0,58.0,53.0,1,53.0,886
3,48.0,60.0,48.0,68.0,1,68.0,886
4,48.0,60.0,59.0,59.0,0,59.0,886
0,56.0,60.0,52.0,60.0,0,52.0,887
1,56.0,60.0,53.0,45.0,0,53.0,887
2,56.0,60.0,63.0,64.0,1,64.0,887
3,56.0,60.0,62.0,56.0,1,56.0,887
4,56.0,60.0,54.0,40.0,0,54.0,887
0,28.0,40.0,33.0,26.0,0,33.0,888
1,28.0,40.0,12.0,51.0,1,51.0,888
2,28.0,40.0,27.0,27.0,1,27.0,888
3,28.0,40.0,28.0,28.0,0,28.0,888
4,28.0,40.0,45.0,51.0,1,51.0,888
0,40.0,10.0,53.0,6.0,0,53.0,889
1,40.0,10.0,51.0,11.0,1,11.0,889
2,40.0,10.0,42.0,8.0,1,8.0,889
3,40.0,10.0,30.0,10.0,0,30.0,889
4,40.0,10.0,44.0,13.0,1,13.0,889
5,40.0,10.0,42.0,13.0,1,13.0,889
6,40.0,10.0,42.0,10.0,0,42.0,889
7,40.0,10.0,44.0,4.0,1,4.0,889
8,40.0,10.0,37.0,-2.0,0,37.0,889
9,40.0,10.0,46.0,5.0,1,5.0,889
0,90.0,60.0,93.0,58.0,1,58.0,890
1,90.0,60.0,93.0,54.0,1,54.0,890
2,90.0,60.0,82.0,56.0,1,56.0,890
3,90.0,60.0,96.0,50.0,0,96.0,890
4,90.0,60.0,88.0,72.0,0,88.0,890
0,44.0,40.0,43.0,41.0,0,43.0,891
1,44.0,40.0,63.0,36.0,1,36.0,891
2,44.0,40.0,52.0,42.0,1,42.0,891
3,44.0,40.0,43.0,41.0,0,43.0,891
4,44.0,40.0,48.0,30.0,1,30.0,891
5,44.0,40.0,52.0,37.0,1,37.0,891
6,44.0,40.0,46.0,36.0,1,36.0,891
7,44.0,40.0,54.0,47.0,0,54.0,891
8,44.0,40.0,28.0,41.0,0,28.0,891
9,44.0,40.0,32.0,34.0,1,34.0,891
0,40.0,52.0,54.0,47.0,1,47.0,892
1,40.0,52.0,37.0,67.0,0,37.0,892
2,40.0,52.0,49.0,56.0,0,49.0,892
3,40.0,52.0,37.0,66.0,1,66.0,892
4,40.0,52.0,45.0,48.0,0,45.0,892
0,80.0,60.0,73.0,51.0,1,51.0,893
1,80.0,60.0,84.0,68.0,0,84.0,893
2,80.0,60.0,75.0,64.0,0,75.0,893
3,80.0,60.0,70.0,63.0,1,63.0,893
4,80.0,60.0,72.0,58.0,1,58.0,893
5,80.0,60.0,85.0,53.0,1,53.0,893
6,80.0,60.0,83.0,52.0,1,52.0,893
7,80.0,60.0,79.0,47.0,1,47.0,893
8,80.0,60.0,80.0,55.0,1,55.0,893
9,80.0,60.0,92.0,59.0,0,92.0,893
0,56.0,60.0,62.0,55.0,1,55.0,894
1,56.0,60.0,56.0,54.0,0,56.0,894
2,56.0,60.0,57.0,67.0,0,57.0,894
3,56.0,60.0,56.0,73.0,0,56.0,894
4,56.0,60.0,49.0,63.0,1,63.0,894
5,56.0,60.0,56.0,52.0,0,56.0,894
6,56.0,60.0,62.0,51.0,0,62.0,894
7,56.0,60.0,70.0,45.0,0,70.0,894
8,56.0,60.0,55.0,60.0,0,55.0,894
9,56.0,60.0,48.0,69.0,0,48.0,894
0,10.0,40.0,7.0,38.0,0,7.0,895
1,10.0,40.0,9.0,39.0,1,39.0,895
2,10.0,40.0,10.0,43.0,1,43.0,895
3,10.0,40.0,16.0,39.0,1,39.0,895
4,10.0,40.0,6.0,31.0,0,6.0,895
5,10.0,40.0,13.0,38.0,0,13.0,895
6,10.0,40.0,14.0,27.0,0,14.0,895
7,10.0,40.0,-0.0,43.0,0,-0.0,895
8,10.0,40.0,4.0,51.0,1,51.0,895
9,10.0,40.0,8.0,60.0,0,8.0,895
0,40.0,36.0,44.0,35.0,0,44.0,896
1,40.0,36.0,31.0,37.0,1,37.0,896
2,40.0,36.0,45.0,32.0,0,45.0,896
3,40.0,36.0,45.0,41.0,0,45.0,896
4,40.0,36.0,30.0,30.0,1,30.0,896
0,40.0,10.0,31.0,-10.0,1,-10.0,897
1,40.0,10.0,54.0,22.0,0,54.0,897
2,40.0,10.0,43.0,13.0,0,43.0,897
3,40.0,10.0,40.0,7.0,0,40.0,897
4,40.0,10.0,31.0,2.0,1,2.0,897
0,20.0,40.0,19.0,40.0,0,19.0,898
1,20.0,40.0,25.0,37.0,0,25.0,898
2,20.0,40.0,21.0,21.0,1,21.0,898
3,20.0,40.0,9.0,41.0,1,41.0,898
4,20.0,40.0,6.0,42.0,1,42.0,898
5,20.0,40.0,21.0,41.0,0,21.0,898
6,20.0,40.0,21.0,35.0,0,21.0,898
7,20.0,40.0,30.0,60.0,0,30.0,898
8,20.0,40.0,21.0,45.0,0,21.0,898
9,20.0,40.0,24.0,33.0,0,24.0,898
0,60.0,40.0,72.0,35.0,1,35.0,899
1,60.0,40.0,58.0,33.0,0,58.0,899
2,60.0,40.0,59.0,50.0,0,59.0,899
3,60.0,40.0,62.0,48.0,0,62.0,899
4,60.0,40.0,79.0,35.0,1,35.0,899
0,40.0,44.0,27.0,50.0,1,50.0,900
1,40.0,44.0,36.0,44.0,1,44.0,900
2,40.0,44.0,32.0,29.0,1,29.0,900
3,40.0,44.0,49.0,41.0,0,49.0,900
4,40.0,44.0,30.0,57.0,0,30.0,900
0,20.0,40.0,32.0,57.0,1,57.0,901
1,20.0,40.0,20.0,47.0,1,47.0,901
2,20.0,40.0,16.0,45.0,0,16.0,901
3,20.0,40.0,3.0,36.0,0,3.0,901
4,20.0,40.0,16.0,46.0,1,46.0,901
0,40.0,48.0,32.0,58.0,0,32.0,902
1,40.0,48.0,54.0,51.0,0,54.0,902
2,40.0,48.0,38.0,59.0,1,59.0,902
3,40.0,48.0,35.0,41.0,1,41.0,902
4,40.0,48.0,45.0,55.0,1,55.0,902
5,40.0,48.0,39.0,41.0,1,41.0,902
6,40.0,48.0,43.0,51.0,1,51.0,902
7,40.0,48.0,39.0,44.0,0,39.0,902
8,40.0,48.0,28.0,57.0,1,57.0,902
9,40.0,48.0,48.0,37.0,1,37.0,902
0,40.0,60.0,38.0,47.0,0,38.0,903
1,40.0,60.0,42.0,45.0,0,42.0,903
2,40.0,60.0,46.0,53.0,1,53.0,903
3,40.0,60.0,36.0,63.0,1,63.0,903
4,40.0,60.0,29.0,58.0,0,29.0,903
5,40.0,60.0,36.0,70.0,1,70.0,903
6,40.0,60.0,45.0,62.0,1,62.0,903
7,40.0,60.0,42.0,79.0,0,42.0,903
8,40.0,60.0,32.0,58.0,0,32.0,903
9,40.0,60.0,48.0,57.0,0,48.0,903
0,56.0,60.0,54.0,53.0,0,54.0,904
1,56.0,60.0,67.0,54.0,0,67.0,904
2,56.0,60.0,35.0,58.0,1,58.0,904
3,56.0,60.0,58.0,49.0,0,58.0,904
4,56.0,60.0,44.0,60.0,1,60.0,904
5,56.0,60.0,48.0,54.0,0,48.0,904
6,56.0,60.0,54.0,55.0,0,54.0,904
7,56.0,60.0,53.0,53.0,1,53.0,904
8,56.0,60.0,76.0,53.0,0,76.0,904
9,56.0,60.0,49.0,59.0,0,49.0,904
0,60.0,48.0,53.0,52.0,0,53.0,905
1,60.0,48.0,68.0,59.0,0,68.0,905
2,60.0,48.0,69.0,51.0,1,51.0,905
3,60.0,48.0,44.0,40.0,0,44.0,905
4,60.0,48.0,61.0,37.0,1,37.0,905
5,60.0,48.0,55.0,59.0,0,55.0,905
6,60.0,48.0,57.0,48.0,0,57.0,905
7,60.0,48.0,66.0,51.0,0,66.0,905
8,60.0,48.0,46.0,70.0,0,46.0,905
9,60.0,48.0,61.0,57.0,1,57.0,905
0,60.0,30.0,43.0,36.0,0,43.0,906
1,60.0,30.0,57.0,31.0,0,57.0,906
2,60.0,30.0,57.0,43.0,0,57.0,906
3,60.0,30.0,61.0,51.0,1,51.0,906
4,60.0,30.0,57.0,17.0,1,17.0,906
5,60.0,30.0,64.0,24.0,0,64.0,906
6,60.0,30.0,55.0,20.0,0,55.0,906
7,60.0,30.0,60.0,43.0,1,43.0,906
8,60.0,30.0,61.0,32.0,0,61.0,906
9,60.0,30.0,40.0,31.0,0,40.0,906
0,72.0,60.0,77.0,60.0,1,60.0,907
1,72.0,60.0,77.0,57.0,0,77.0,907
2,72.0,60.0,64.0,63.0,0,64.0,907
3,72.0,60.0,69.0,60.0,0,69.0,907
4,72.0,60.0,75.0,63.0,0,75.0,907
0,40.0,36.0,45.0,32.0,0,45.0,908
1,40.0,36.0,48.0,43.0,0,48.0,908
2,40.0,36.0,41.0,34.0,1,34.0,908
3,40.0,36.0,26.0,34.0,1,34.0,908
4,40.0,36.0,34.0,32.0,0,34.0,908
5,40.0,36.0,32.0,38.0,1,38.0,908
6,40.0,36.0,48.0,34.0,1,34.0,908
7,40.0,36.0,50.0,21.0,0,50.0,908
8,40.0,36.0,38.0,46.0,0,38.0,908
9,40.0,36.0,35.0,38.0,0,35.0,908
0,60.0,72.0,69.0,60.0,0,69.0,909
1,60.0,72.0,62.0,77.0,1,77.0,909
2,60.0,72.0,61.0,65.0,0,61.0,909
3,60.0,72.0,57.0,76.0,1,76.0,909
4,60.0,72.0,65.0,65.0,1,65.0,909
5,60.0,72.0,58.0,78.0,0,58.0,909
6,60.0,72.0,60.0,72.0,0,60.0,909
7,60.0,72.0,77.0,62.0,0,77.0,909
8,60.0,72.0,60.0,77.0,0,60.0,909
9,60.0,72.0,58.0,73.0,0,58.0,909
0,90.0,60.0,96.0,69.0,1,69.0,910
1,90.0,60.0,94.0,63.0,1,63.0,910
2,90.0,60.0,86.0,61.0,0,86.0,910
3,90.0,60.0,81.0,65.0,0,81.0,910
4,90.0,60.0,92.0,67.0,0,92.0,910
5,90.0,60.0,86.0,60.0,1,60.0,910
6,90.0,60.0,92.0,69.0,0,92.0,910
7,90.0,60.0,93.0,68.0,1,68.0,910
8,90.0,60.0,102.0,64.0,0,102.0,910
9,90.0,60.0,88.0,58.0,1,58.0,910
0,40.0,60.0,62.0,59.0,1,59.0,911
1,40.0,60.0,23.0,61.0,0,23.0,911
2,40.0,60.0,48.0,62.0,0,48.0,911
3,40.0,60.0,29.0,60.0,1,60.0,911
4,40.0,60.0,43.0,54.0,1,54.0,911
0,56.0,60.0,62.0,58.0,1,58.0,912
1,56.0,60.0,66.0,63.0,1,63.0,912
2,56.0,60.0,60.0,68.0,0,60.0,912
3,56.0,60.0,53.0,63.0,0,53.0,912
4,56.0,60.0,66.0,61.0,0,66.0,912
5,56.0,60.0,53.0,73.0,1,73.0,912
6,56.0,60.0,66.0,58.0,0,66.0,912
7,56.0,60.0,37.0,43.0,0,37.0,912
8,56.0,60.0,62.0,61.0,0,62.0,912
9,56.0,60.0,53.0,62.0,1,62.0,912
0,30.0,60.0,35.0,56.0,0,35.0,913
1,30.0,60.0,29.0,64.0,1,64.0,913
2,30.0,60.0,18.0,46.0,0,18.0,913
3,30.0,60.0,24.0,73.0,0,24.0,913
4,30.0,60.0,38.0,68.0,1,68.0,913
0,44.0,40.0,40.0,27.0,0,40.0,914
1,44.0,40.0,42.0,47.0,1,47.0,914
2,44.0,40.0,43.0,40.0,0,43.0,914
3,44.0,40.0,39.0,30.0,1,30.0,914
4,44.0,40.0,47.0,42.0,0,47.0,914
5,44.0,40.0,41.0,27.0,0,41.0,914
6,44.0,40.0,43.0,46.0,0,43.0,914
7,44.0,40.0,62.0,31.0,0,62.0,914
8,44.0,40.0,48.0,34.0,1,34.0,914
9,44.0,40.0,44.0,50.0,1,50.0,914
0,32.0,40.0,25.0,29.0,1,29.0,915
1,32.0,40.0,34.0,47.0,0,34.0,915
2,32.0,40.0,24.0,50.0,0,24.0,915
3,32.0,40.0,36.0,34.0,0,36.0,915
4,32.0,40.0,22.0,48.0,1,48.0,915
0,52.0,40.0,40.0,40.0,0,40.0,916
1,52.0,40.0,45.0,53.0,1,53.0,916
2,52.0,40.0,40.0,39.0,1,39.0,916
3,52.0,40.0,51.0,34.0,1,34.0,916
4,52.0,40.0,53.0,36.0,0,53.0,916
0,44.0,40.0,44.0,41.0,1,41.0,917
1,44.0,40.0,43.0,40.0,0,43.0,917
2,44.0,40.0,27.0,34.0,0,27.0,917
3,44.0,40.0,36.0,35.0,0,36.0,917
4,44.0,40.0,38.0,37.0,0,38.0,917
0,52.0,40.0,54.0,49.0,0,54.0,918
1,52.0,40.0,50.0,45.0,0,50.0,918
2,52.0,40.0,54.0,41.0,1,41.0,918
3,52.0,40.0,38.0,50.0,0,38.0,918
4,52.0,40.0,64.0,53.0,0,64.0,918
5,52.0,40.0,59.0,51.0,1,51.0,918
6,52.0,40.0,47.0,40.0,1,40.0,918
7,52.0,40.0,38.0,42.0,0,38.0,918
8,52.0,40.0,63.0,50.0,0,63.0,918
9,52.0,40.0,44.0,38.0,1,38.0,918
0,90.0,60.0,90.0,69.0,1,69.0,919
1,90.0,60.0,88.0,59.0,0,88.0,919
2,90.0,60.0,79.0,55.0,1,55.0,919
3,90.0,60.0,104.0,41.0,1,41.0,919
4,90.0,60.0,102.0,73.0,0,102.0,919
0,80.0,60.0,92.0,51.0,0,92.0,920
1,80.0,60.0,82.0,64.0,1,64.0,920
2,80.0,60.0,83.0,65.0,0,83.0,920
3,80.0,60.0,83.0,66.0,1,66.0,920
4,80.0,60.0,71.0,58.0,1,58.0,920
0,68.0,60.0,78.0,58.0,0,78.0,921
1,68.0,60.0,74.0,56.0,1,56.0,921
2,68.0,60.0,76.0,61.0,1,61.0,921
3,68.0,60.0,70.0,65.0,0,70.0,921
4,68.0,60.0,71.0,62.0,1,62.0,921
5,68.0,60.0,71.0,61.0,1,61.0,921
6,68.0,60.0,60.0,52.0,0,60.0,921
7,68.0,60.0,70.0,57.0,0,70.0,921
8,68.0,60.0,61.0,62.0,0,61.0,921
9,68.0,60.0,58.0,62.0,1,62.0,921
0,60.0,68.0,61.0,60.0,0,61.0,922
1,60.0,68.0,39.0,66.0,1,66.0,922
2,60.0,68.0,61.0,90.0,0,61.0,922
3,60.0,68.0,60.0,57.0,1,57.0,922
4,60.0,68.0,50.0,65.0,1,65.0,922
5,60.0,68.0,47.0,70.0,0,47.0,922
6,60.0,68.0,74.0,56.0,0,74.0,922
7,60.0,68.0,52.0,74.0,1,74.0,922
8,60.0,68.0,56.0,65.0,1,65.0,922
9,60.0,68.0,50.0,68.0,1,68.0,922
0,80.0,60.0,87.0,60.0,0,87.0,923
1,80.0,60.0,73.0,60.0,1,60.0,923
2,80.0,60.0,78.0,47.0,1,47.0,923
3,80.0,60.0,89.0,67.0,0,89.0,923
4,80.0,60.0,83.0,60.0,1,60.0,923
5,80.0,60.0,76.0,53.0,1,53.0,923
6,80.0,60.0,75.0,65.0,0,75.0,923
7,80.0,60.0,83.0,66.0,1,66.0,923
8,80.0,60.0,80.0,70.0,0,80.0,923
9,80.0,60.0,85.0,66.0,1,66.0,923
0,48.0,40.0,41.0,40.0,1,40.0,924
1,48.0,40.0,42.0,52.0,0,42.0,924
2,48.0,40.0,56.0,38.0,0,56.0,924
3,48.0,40.0,40.0,27.0,1,27.0,924
4,48.0,40.0,39.0,38.0,1,38.0,924
5,48.0,40.0,36.0,50.0,0,36.0,924
6,48.0,40.0,39.0,28.0,0,39.0,924
7,48.0,40.0,57.0,43.0,0,57.0,924
8,48.0,40.0,48.0,39.0,1,39.0,924
9,48.0,40.0,40.0,39.0,1,39.0,924
0,40.0,60.0,50.0,51.0,0,50.0,925
1,40.0,60.0,41.0,54.0,0,41.0,925
2,40.0,60.0,49.0,54.0,1,54.0,925
3,40.0,60.0,43.0,60.0,1,60.0,925
4,40.0,60.0,52.0,63.0,0,52.0,925
5,40.0,60.0,24.0,66.0,1,66.0,925
6,40.0,60.0,34.0,82.0,0,34.0,925
7,40.0,60.0,45.0,62.0,0,45.0,925
8,40.0,60.0,39.0,70.0,0,39.0,925
9,40.0,60.0,39.0,51.0,0,39.0,925
0,48.0,60.0,45.0,63.0,1,63.0,926
1,48.0,60.0,43.0,61.0,0,43.0,926
2,48.0,60.0,33.0,37.0,1,37.0,926
3,48.0,60.0,42.0,71.0,1,71.0,926
4,48.0,60.0,53.0,60.0,0,53.0,926
5,48.0,60.0,49.0,54.0,1,54.0,926
6,48.0,60.0,46.0,63.0,0,46.0,926
7,48.0,60.0,47.0,62.0,0,47.0,926
8,48.0,60.0,31.0,76.0,0,31.0,926
9,48.0,60.0,43.0,48.0,0,43.0,926
0,32.0,40.0,34.0,49.0,0,34.0,927
1,32.0,40.0,45.0,39.0,1,39.0,927
2,32.0,40.0,34.0,36.0,1,36.0,927
3,32.0,40.0,31.0,32.0,0,31.0,927
4,32.0,40.0,41.0,50.0,0,41.0,927
0,60.0,64.0,65.0,59.0,0,65.0,928
1,60.0,64.0,64.0,64.0,1,64.0,928
2,60.0,64.0,55.0,63.0,0,55.0,928
3,60.0,64.0,59.0,66.0,1,66.0,928
4,60.0,64.0,73.0,59.0,0,73.0,928
5,60.0,64.0,58.0,74.0,0,58.0,928
6,60.0,64.0,63.0,77.0,1,77.0,928
7,60.0,64.0,69.0,62.0,0,69.0,928
8,60.0,64.0,56.0,63.0,1,63.0,928
9,60.0,64.0,65.0,54.0,0,65.0,928
0,40.0,28.0,40.0,19.0,0,40.0,929
1,40.0,28.0,44.0,19.0,0,44.0,929
2,40.0,28.0,47.0,30.0,0,47.0,929
3,40.0,28.0,39.0,35.0,1,35.0,929
4,40.0,28.0,46.0,25.0,1,25.0,929
5,40.0,28.0,42.0,23.0,0,42.0,929
6,40.0,28.0,42.0,37.0,1,37.0,929
7,40.0,28.0,45.0,28.0,1,28.0,929
8,40.0,28.0,40.0,30.0,1,30.0,929
9,40.0,28.0,38.0,38.0,0,38.0,929
0,60.0,64.0,72.0,61.0,1,61.0,930
1,60.0,64.0,70.0,67.0,1,67.0,930
2,60.0,64.0,64.0,69.0,0,64.0,930
3,60.0,64.0,70.0,57.0,0,70.0,930
4,60.0,64.0,65.0,70.0,0,65.0,930
0,60.0,48.0,66.0,46.0,0,66.0,931
1,60.0,48.0,69.0,53.0,0,69.0,931
2,60.0,48.0,63.0,42.0,1,42.0,931
3,60.0,48.0,45.0,38.0,0,45.0,931
4,60.0,48.0,41.0,30.0,1,30.0,931
0,40.0,36.0,27.0,52.0,0,27.0,932
1,40.0,36.0,43.0,27.0,1,27.0,932
2,40.0,36.0,49.0,41.0,1,41.0,932
3,40.0,36.0,36.0,26.0,1,26.0,932
4,40.0,36.0,51.0,46.0,0,51.0,932
5,40.0,36.0,34.0,36.0,0,34.0,932
6,40.0,36.0,34.0,24.0,0,34.0,932
7,40.0,36.0,32.0,36.0,1,36.0,932
8,40.0,36.0,40.0,37.0,0,40.0,932
9,40.0,36.0,36.0,40.0,0,36.0,932
0,40.0,10.0,31.0,10.0,0,31.0,933
1,40.0,10.0,45.0,26.0,0,45.0,933
2,40.0,10.0,48.0,6.0,1,6.0,933
3,40.0,10.0,54.0,18.0,0,54.0,933
4,40.0,10.0,27.0,20.0,1,20.0,933
5,40.0,10.0,44.0,30.0,1,30.0,933
6,40.0,10.0,41.0,1.0,0,41.0,933
7,40.0,10.0,40.0,0.0,0,40.0,933
8,40.0,10.0,41.0,14.0,1,14.0,933
9,40.0,10.0,24.0,14.0,1,14.0,933
0,60.0,40.0,60.0,37.0,0,60.0,934
1,60.0,40.0,62.0,43.0,0,62.0,934
2,60.0,40.0,73.0,49.0,0,73.0,934
3,60.0,40.0,43.0,51.0,1,51.0,934
4,60.0,40.0,57.0,38.0,1,38.0,934
0,60.0,72.0,47.0,86.0,1,86.0,935
1,60.0,72.0,56.0,55.0,0,56.0,935
2,60.0,72.0,65.0,78.0,0,65.0,935
3,60.0,72.0,62.0,80.0,1,80.0,935
4,60.0,72.0,71.0,67.0,0,71.0,935
0,60.0,90.0,64.0,98.0,1,98.0,936
1,60.0,90.0,75.0,92.0,1,92.0,936
2,60.0,90.0,46.0,84.0,1,84.0,936
3,60.0,90.0,64.0,88.0,0,64.0,936
4,60.0,90.0,53.0,90.0,1,90.0,936
5,60.0,90.0,68.0,103.0,1,103.0,936
6,60.0,90.0,57.0,108.0,0,57.0,936
7,60.0,90.0,65.0,92.0,1,92.0,936
8,60.0,90.0,57.0,96.0,1,96.0,936
9,60.0,90.0,62.0,73.0,1,73.0,936
0,40.0,32.0,55.0,33.0,0,55.0,937
1,40.0,32.0,48.0,38.0,1,38.0,937
2,40.0,32.0,41.0,38.0,1,38.0,937
3,40.0,32.0,39.0,31.0,0,39.0,937
4,40.0,32.0,38.0,37.0,1,37.0,937
5,40.0,32.0,30.0,36.0,1,36.0,937
6,40.0,32.0,41.0,42.0,0,41.0,937
7,40.0,32.0,47.0,33.0,0,47.0,937
8,40.0,32.0,28.0,19.0,1,19.0,937
9,40.0,32.0,39.0,31.0,1,31.0,937
0,20.0,40.0,17.0,36.0,1,36.0,938
1,20.0,40.0,22.0,41.0,0,22.0,938
2,20.0,40.0,29.0,48.0,1,48.0,938
3,20.0,40.0,15.0,32.0,0,15.0,938
4,20.0,40.0,25.0,51.0,1,51.0,938
0,60.0,30.0,58.0,18.0,0,58.0,939
1,60.0,30.0,55.0,13.0,0,55.0,939
2,60.0,30.0,54.0,24.0,1,24.0,939
3,60.0,30.0,63.0,28.0,1,28.0,939
4,60.0,30.0,71.0,20.0,0,71.0,939
5,60.0,30.0,67.0,45.0,1,45.0,939
6,60.0,30.0,53.0,50.0,1,50.0,939
7,60.0,30.0,54.0,9.0,0,54.0,939
8,60.0,30.0,80.0,26.0,1,26.0,939
9,60.0,30.0,65.0,27.0,1,27.0,939
0,56.0,60.0,61.0,67.0,1,67.0,940
1,56.0,60.0,52.0,78.0,0,52.0,940
2,56.0,60.0,60.0,62.0,1,62.0,940
3,56.0,60.0,60.0,66.0,1,66.0,940
4,56.0,60.0,64.0,51.0,0,64.0,940
0,40.0,48.0,47.0,38.0,1,38.0,941
1,40.0,48.0,44.0,36.0,1,36.0,941
2,40.0,48.0,39.0,46.0,0,39.0,941
3,40.0,48.0,37.0,45.0,1,45.0,941
4,40.0,48.0,30.0,59.0,0,30.0,941
0,72.0,60.0,70.0,66.0,0,70.0,942
1,72.0,60.0,71.0,52.0,1,52.0,942
2,72.0,60.0,77.0,58.0,1,58.0,942
3,72.0,60.0,72.0,58.0,1,58.0,942
4,72.0,60.0,86.0,63.0,1,63.0,942
0,60.0,64.0,71.0,59.0,1,59.0,943
1,60.0,64.0,36.0,53.0,1,53.0,943
2,60.0,64.0,65.0,72.0,0,65.0,943
3,60.0,64.0,54.0,64.0,0,54.0,943
4,60.0,64.0,63.0,63.0,1,63.0,943
5,60.0,64.0,64.0,63.0,0,64.0,943
6,60.0,64.0,67.0,62.0,1,62.0,943
7,60.0,64.0,54.0,64.0,1,64.0,943
8,60.0,64.0,57.0,57.0,1,57.0,943
9,60.0,64.0,59.0,65.0,1,65.0,943
0,72.0,60.0,67.0,57.0,0,67.0,944
1,72.0,60.0,75.0,41.0,1,41.0,944
2,72.0,60.0,82.0,70.0,1,70.0,944
3,72.0,60.0,69.0,41.0,0,69.0,944
4,72.0,60.0,73.0,57.0,1,57.0,944
0,36.0,40.0,37.0,49.0,1,49.0,945
1,36.0,40.0,41.0,43.0,0,41.0,945
2,36.0,40.0,49.0,49.0,0,49.0,945
3,36.0,40.0,40.0,44.0,1,44.0,945
4,36.0,40.0,32.0,40.0,1,40.0,945
0,40.0,44.0,37.0,53.0,0,37.0,946
1,40.0,44.0,52.0,42.0,1,42.0,946
2,40.0,44.0,47.0,57.0,1,57.0,946
3,40.0,44.0,47.0,42.0,1,42.0,946
4,40.0,44.0,41.0,51.0,0,41.0,946
5,40.0,44.0,49.0,43.0,0,49.0,946
6,40.0,44.0,44.0,33.0,0,44.0,946
7,40.0,44.0,34.0,52.0,1,52.0,946
8,40.0,44.0,40.0,43.0,1,43.0,946
9,40.0,44.0,47.0,41.0,0,47.0,946
0,60.0,68.0,51.0,63.0,1,63.0,947
1,60.0,68.0,55.0,68.0,0,55.0,947
2,60.0,68.0,57.0,63.0,1,63.0,947
3,60.0,68.0,47.0,73.0,1,73.0,947
4,60.0,68.0,51.0,56.0,0,51.0,947
0,28.0,40.0,32.0,48.0,1,48.0,948
1,28.0,40.0,30.0,39.0,1,39.0,948
2,28.0,40.0,27.0,51.0,1,51.0,948
3,28.0,40.0,30.0,43.0,0,30.0,948
4,28.0,40.0,36.0,49.0,1,49.0,948
0,60.0,68.0,62.0,69.0,1,69.0,949
1,60.0,68.0,58.0,75.0,0,58.0,949
2,60.0,68.0,60.0,69.0,0,60.0,949
3,60.0,68.0,64.0,71.0,1,71.0,949
4,60.0,68.0,51.0,60.0,1,60.0,949
5,60.0,68.0,68.0,87.0,0,68.0,949
6,60.0,68.0,53.0,72.0,0,53.0,949
7,60.0,68.0,58.0,71.0,0,58.0,949
8,60.0,68.0,63.0,62.0,1,62.0,949
9,60.0,68.0,57.0,57.0,0,57.0,949
0,64.0,60.0,57.0,54.0,0,57.0,950
1,64.0,60.0,80.0,64.0,1,64.0,950
2,64.0,60.0,65.0,53.0,1,53.0,950
3,64.0,60.0,68.0,63.0,0,68.0,950
4,64.0,60.0,55.0,50.0,0,55.0,950
0,40.0,32.0,38.0,32.0,0,38.0,951
1,40.0,32.0,33.0,39.0,0,33.0,951
2,40.0,32.0,40.0,23.0,0,40.0,951
3,40.0,32.0,50.0,36.0,1,36.0,951
4,40.0,32.0,48.0,29.0,0,48.0,951
5,40.0,32.0,30.0,27.0,1,27.0,951
6,40.0,32.0,41.0,34.0,1,34.0,951
7,40.0,32.0,31.0,32.0,1,32.0,951
8,40.0,32.0,43.0,16.0,1,16.0,951
9,40.0,32.0,33.0,44.0,1,44.0,951
0,30.0,60.0,18.0,61.0,0,18.0,952
1,30.0,60.0,18.0,57.0,0,18.0,952
2,30.0,60.0,18.0,57.0,0,18.0,952
3,30.0,60.0,30.0,56.0,1,56.0,952
4,30.0,60.0,22.0,72.0,0,22.0,952
0,40.0,36.0,40.0,35.0,0,40.0,953
1,40.0,36.0,51.0,54.0,0,51.0,953
2,40.0,36.0,48.0,36.0,1,36.0,953
3,40.0,36.0,34.0,36.0,1,36.0,953
4,40.0,36.0,53.0,17.0,0,53.0,953
0,40.0,44.0,40.0,44.0,0,40.0,954
1,40.0,44.0,45.0,53.0,0,45.0,954
2,40.0,44.0,37.0,45.0,0,37.0,954
3,40.0,44.0,59.0,26.0,1,26.0,954
4,40.0,44.0,52.0,57.0,1,57.0,954
5,40.0,44.0,28.0,47.0,0,28.0,954
6,40.0,44.0,40.0,53.0,1,53.0,954
7,40.0,44.0,45.0,54.0,1,54.0,954
8,40.0,44.0,51.0,61.0,1,61.0,954
9,40.0,44.0,44.0,52.0,0,44.0,954
0,40.0,20.0,42.0,14.0,0,42.0,955
1,40.0,20.0,49.0,37.0,1,37.0,955
2,40.0,20.0,29.0,21.0,0,29.0,955
3,40.0,20.0,39.0,15.0,0,39.0,955
4,40.0,20.0,36.0,28.0,0,36.0,955
5,40.0,20.0,23.0,29.0,1,29.0,955
6,40.0,20.0,44.0,30.0,1,30.0,955
7,40.0,20.0,34.0,22.0,0,34.0,955
8,40.0,20.0,37.0,24.0,1,24.0,955
9,40.0,20.0,38.0,18.0,1,18.0,955
0,40.0,60.0,39.0,57.0,1,57.0,956
1,40.0,60.0,39.0,54.0,0,39.0,956
2,40.0,60.0,41.0,41.0,0,41.0,956
3,40.0,60.0,39.0,55.0,0,39.0,956
4,40.0,60.0,36.0,66.0,1,66.0,956
5,40.0,60.0,38.0,68.0,1,68.0,956
6,40.0,60.0,43.0,51.0,1,51.0,956
7,40.0,60.0,40.0,63.0,1,63.0,956
8,40.0,60.0,35.0,65.0,1,65.0,956
9,40.0,60.0,32.0,60.0,1,60.0,956
0,56.0,60.0,58.0,50.0,1,50.0,957
1,56.0,60.0,53.0,69.0,0,53.0,957
2,56.0,60.0,58.0,54.0,0,58.0,957
3,56.0,60.0,65.0,45.0,0,65.0,957
4,56.0,60.0,55.0,44.0,0,55.0,957
5,56.0,60.0,65.0,44.0,1,44.0,957
6,56.0,60.0,60.0,65.0,1,65.0,957
7,56.0,60.0,49.0,66.0,1,66.0,957
8,56.0,60.0,65.0,58.0,1,58.0,957
9,56.0,60.0,70.0,67.0,0,70.0,957
0,56.0,60.0,65.0,62.0,0,65.0,958
1,56.0,60.0,54.0,69.0,1,69.0,958
2,56.0,60.0,56.0,63.0,0,56.0,958
3,56.0,60.0,69.0,49.0,0,69.0,958
4,56.0,60.0,60.0,58.0,0,60.0,958
0,20.0,40.0,33.0,38.0,0,33.0,959
1,20.0,40.0,12.0,41.0,1,41.0,959
2,20.0,40.0,-0.0,32.0,0,-0.0,959
3,20.0,40.0,20.0,43.0,1,43.0,959
4,20.0,40.0,3.0,38.0,1,38.0,959
5,20.0,40.0,10.0,51.0,0,10.0,959
6,20.0,40.0,25.0,39.0,0,25.0,959
7,20.0,40.0,26.0,38.0,0,26.0,959
8,20.0,40.0,32.0,26.0,1,26.0,959
9,20.0,40.0,21.0,42.0,0,21.0,959
0,90.0,60.0,105.0,58.0,1,58.0,960
1,90.0,60.0,103.0,57.0,0,103.0,960
2,90.0,60.0,83.0,69.0,0,83.0,960
3,90.0,60.0,91.0,71.0,1,71.0,960
4,90.0,60.0,86.0,58.0,1,58.0,960
0,60.0,64.0,60.0,64.0,1,64.0,961
1,60.0,64.0,52.0,52.0,0,52.0,961
2,60.0,64.0,64.0,68.0,0,64.0,961
3,60.0,64.0,57.0,64.0,1,64.0,961
4,60.0,64.0,68.0,53.0,1,53.0,961
0,60.0,90.0,63.0,93.0,1,93.0,962
1,60.0,90.0,61.0,91.0,1,91.0,962
2,60.0,90.0,43.0,96.0,0,43.0,962
3,60.0,90.0,54.0,89.0,0,54.0,962
4,60.0,90.0,65.0,93.0,0,65.0,962
5,60.0,90.0,54.0,83.0,0,54.0,962
6,60.0,90.0,72.0,82.0,0,72.0,962
7,60.0,90.0,44.0,88.0,1,88.0,962
8,60.0,90.0,64.0,96.0,1,96.0,962
9,60.0,90.0,49.0,102.0,1,102.0,962
0,48.0,60.0,54.0,51.0,0,54.0,963
1,48.0,60.0,61.0,49.0,1,49.0,963
2,48.0,60.0,42.0,54.0,1,54.0,963
3,48.0,60.0,49.0,51.0,1,51.0,963
4,48.0,60.0,39.0,59.0,0,39.0,963
0,60.0,40.0,54.0,39.0,0,54.0,964
1,60.0,40.0,51.0,36.0,0,51.0,964
2,60.0,40.0,74.0,32.0,1,32.0,964
3,60.0,40.0,66.0,31.0,0,66.0,964
4,60.0,40.0,58.0,38.0,1,38.0,964
5,60.0,40.0,60.0,39.0,1,39.0,964
6,60.0,40.0,61.0,35.0,1,35.0,964
7,60.0,40.0,62.0,38.0,0,62.0,964
8,60.0,40.0,62.0,49.0,1,49.0,964
9,60.0,40.0,57.0,50.0,0,57.0,964
0,60.0,56.0,70.0,62.0,1,62.0,965
1,60.0,56.0,63.0,58.0,0,63.0,965
2,60.0,56.0,57.0,55.0,0,57.0,965
3,60.0,56.0,55.0,68.0,1,68.0,965
4,60.0,56.0,68.0,66.0,1,66.0,965
5,60.0,56.0,67.0,60.0,0,67.0,965
6,60.0,56.0,80.0,66.0,0,80.0,965
7,60.0,56.0,59.0,49.0,0,59.0,965
8,60.0,56.0,72.0,56.0,1,56.0,965
9,60.0,56.0,53.0,56.0,1,56.0,965
0,32.0,40.0,20.0,30.0,1,30.0,966
1,32.0,40.0,28.0,45.0,1,45.0,966
2,32.0,40.0,40.0,47.0,0,40.0,966
3,32.0,40.0,46.0,38.0,1,38.0,966
4,32.0,40.0,43.0,43.0,1,43.0,966
0,40.0,20.0,39.0,11.0,0,39.0,967
1,40.0,20.0,39.0,25.0,1,25.0,967
2,40.0,20.0,33.0,20.0,1,20.0,967
3,40.0,20.0,38.0,9.0,0,38.0,967
4,40.0,20.0,49.0,17.0,0,49.0,967
0,56.0,60.0,66.0,77.0,1,77.0,968
1,56.0,60.0,50.0,78.0,0,50.0,968
2,56.0,60.0,49.0,64.0,0,49.0,968
3,56.0,60.0,53.0,42.0,1,42.0,968
4,56.0,60.0,65.0,56.0,1,56.0,968
5,56.0,60.0,69.0,58.0,1,58.0,968
6,56.0,60.0,53.0,63.0,1,63.0,968
7,56.0,60.0,60.0,61.0,0,60.0,968
8,56.0,60.0,60.0,59.0,0,60.0,968
9,56.0,60.0,65.0,52.0,0,65.0,968
0,60.0,56.0,62.0,44.0,1,44.0,969
1,60.0,56.0,56.0,61.0,1,61.0,969
2,60.0,56.0,52.0,55.0,1,55.0,969
3,60.0,56.0,57.0,52.0,0,57.0,969
4,60.0,56.0,63.0,66.0,0,63.0,969
5,60.0,56.0,52.0,46.0,0,52.0,969
6,60.0,56.0,63.0,59.0,0,63.0,969
7,60.0,56.0,58.0,53.0,0,58.0,969
8,60.0,56.0,60.0,49.0,0,60.0,969
9,60.0,56.0,60.0,46.0,1,46.0,969
0,72.0,60.0,61.0,73.0,1,73.0,970
1,72.0,60.0,73.0,59.0,0,73.0,970
2,72.0,60.0,63.0,67.0,0,63.0,970
3,72.0,60.0,57.0,66.0,1,66.0,970
4,72.0,60.0,80.0,59.0,0,80.0,970
5,72.0,60.0,74.0,55.0,1,55.0,970
6,72.0,60.0,63.0,63.0,0,63.0,970
7,72.0,60.0,71.0,54.0,0,71.0,970
8,72.0,60.0,73.0,65.0,1,65.0,970
9,72.0,60.0,78.0,50.0,1,50.0,970
0,60.0,64.0,69.0,67.0,0,69.0,971
1,60.0,64.0,64.0,68.0,0,64.0,971
2,60.0,64.0,47.0,64.0,1,64.0,971
3,60.0,64.0,60.0,82.0,0,60.0,971
4,60.0,64.0,61.0,56.0,1,56.0,971
0,10.0,40.0,14.0,43.0,0,14.0,972
1,10.0,40.0,11.0,48.0,0,11.0,972
2,10.0,40.0,28.0,39.0,1,39.0,972
3,10.0,40.0,13.0,53.0,0,13.0,972
4,10.0,40.0,5.0,36.0,0,5.0,972
5,10.0,40.0,11.0,32.0,1,32.0,972
6,10.0,40.0,6.0,36.0,1,36.0,972
7,10.0,40.0,12.0,48.0,0,12.0,972
8,10.0,40.0,-3.0,42.0,0,-3.0,972
9,10.0,40.0,22.0,37.0,1,37.0,972
0,40.0,48.0,24.0,50.0,1,50.0,973
1,40.0,48.0,30.0,52.0,1,52.0,973
2,40.0,48.0,45.0,59.0,0,45.0,973
3,40.0,48.0,47.0,53.0,1,53.0,973
4,40.0,48.0,35.0,52.0,0,35.0,973
0,56.0,60.0,59.0,64.0,0,59.0,974
1,56.0,60.0,50.0,63.0,0,50.0,974
2,56.0,60.0,51.0,69.0,0,51.0,974
3,56.0,60.0,58.0,53.0,1,53.0,974
4,56.0,60.0,50.0,66.0,1,66.0,974
0,70.0,40.0,78.0,45.0,0,78.0,975
1,70.0,40.0,63.0,42.0,1,42.0,975
2,70.0,40.0,58.0,24.0,0,58.0,975
3,70.0,40.0,63.0,48.0,1,48.0,975
4,70.0,40.0,64.0,22.0,1,22.0,975
0,72.0,60.0,74.0,53.0,0,74.0,976
1,72.0,60.0,64.0,60.0,1,60.0,976
2,72.0,60.0,76.0,45.0,1,45.0,976
3,72.0,60.0,80.0,59.0,1,59.0,976
4,72.0,60.0,70.0,70.0,0,70.0,976
0,52.0,60.0,61.0,49.0,0,61.0,977
1,52.0,60.0,56.0,63.0,1,63.0,977
2,52.0,60.0,63.0,64.0,0,63.0,977
3,52.0,60.0,61.0,68.0,1,68.0,977
4,52.0,60.0,42.0,64.0,0,42.0,977
0,60.0,72.0,65.0,62.0,0,65.0,978
1,60.0,72.0,58.0,73.0,1,73.0,978
2,60.0,72.0,51.0,83.0,1,83.0,978
3,60.0,72.0,59.0,79.0,0,59.0,978
4,60.0,72.0,58.0,75.0,1,75.0,978
0,44.0,40.0,43.0,47.0,0,43.0,979
1,44.0,40.0,51.0,40.0,1,40.0,979
2,44.0,40.0,37.0,36.0,0,37.0,979
3,44.0,40.0,38.0,55.0,0,38.0,979
4,44.0,40.0,41.0,40.0,1,40.0,979
5,44.0,40.0,24.0,33.0,0,24.0,979
6,44.0,40.0,69.0,41.0,1,41.0,979
7,44.0,40.0,38.0,36.0,0,38.0,979
8,44.0,40.0,54.0,47.0,0,54.0,979
9,44.0,40.0,29.0,31.0,0,29.0,979
0,40.0,48.0,44.0,33.0,0,44.0,980
1,40.0,48.0,42.0,47.0,1,47.0,980
2,40.0,48.0,47.0,42.0,1,42.0,980
3,40.0,48.0,46.0,50.0,1,50.0,980
4,40.0,48.0,39.0,52.0,0,39.0,980
5,40.0,48.0,36.0,43.0,0,36.0,980
6,40.0,48.0,45.0,56.0,0,45.0,980
7,40.0,48.0,44.0,47.0,1,47.0,980
8,40.0,48.0,27.0,30.0,0,27.0,980
9,40.0,48.0,47.0,41.0,0,47.0,980
0,70.0,40.0,78.0,31.0,0,78.0,981
1,70.0,40.0,70.0,29.0,1,29.0,981
2,70.0,40.0,86.0,47.0,0,86.0,981
3,70.0,40.0,59.0,45.0,1,45.0,981
4,70.0,40.0,80.0,49.0,1,49.0,981
5,70.0,40.0,81.0,30.0,0,81.0,981
6,70.0,40.0,47.0,46.0,1,46.0,981
7,70.0,40.0,58.0,44.0,1,44.0,981
8,70.0,40.0,66.0,37.0,0,66.0,981
9,70.0,40.0,54.0,36.0,1,36.0,981
0,30.0,60.0,33.0,64.0,0,33.0,982
1,30.0,60.0,27.0,43.0,1,43.0,982
2,30.0,60.0,34.0,59.0,1,59.0,982
3,30.0,60.0,29.0,63.0,0,29.0,982
4,30.0,60.0,29.0,53.0,1,53.0,982
5,30.0,60.0,14.0,48.0,0,14.0,982
6,30.0,60.0,16.0,50.0,0,16.0,982
7,30.0,60.0,45.0,74.0,0,45.0,982
8,30.0,60.0,33.0,63.0,0,33.0,982
9,30.0,60.0,34.0,50.0,1,50.0,982
0,40.0,52.0,51.0,50.0,0,51.0,983
1,40.0,52.0,35.0,46.0,1,46.0,983
2,40.0,52.0,45.0,40.0,0,45.0,983
3,40.0,52.0,43.0,41.0,1,41.0,983
4,40.0,52.0,51.0,54.0,0,51.0,983
5,40.0,52.0,31.0,48.0,0,31.0,983
6,40.0,52.0,52.0,52.0,1,52.0,983
7,40.0,52.0,36.0,53.0,0,36.0,983
8,40.0,52.0,35.0,61.0,0,35.0,983
9,40.0,52.0,40.0,56.0,1,56.0,983
0,60.0,72.0,56.0,70.0,0,56.0,984
1,60.0,72.0,58.0,60.0,1,60.0,984
2,60.0,72.0,70.0,76.0,1,76.0,984
3,60.0,72.0,72.0,71.0,1,71.0,984
4,60.0,72.0,64.0,54.0,0,64.0,984
0,40.0,10.0,36.0,15.0,0,36.0,985
1,40.0,10.0,44.0,21.0,1,21.0,985
2,40.0,10.0,40.0,9.0,1,9.0,985
3,40.0,10.0,40.0,0.0,0,40.0,985
4,40.0,10.0,43.0,8.0,0,43.0,985
0,40.0,36.0,39.0,31.0,0,39.0,986
1,40.0,36.0,53.0,15.0,0,53.0,986
2,40.0,36.0,51.0,32.0,1,32.0,986
3,40.0,36.0,30.0,50.0,0,30.0,986
4,40.0,36.0,48.0,44.0,1,44.0,986
5,40.0,36.0,48.0,39.0,0,48.0,986
6,40.0,36.0,46.0,22.0,1,22.0,986
7,40.0,36.0,55.0,34.0,0,55.0,986
8,40.0,36.0,36.0,38.0,1,38.0,986
9,40.0,36.0,20.0,45.0,0,20.0,986
0,40.0,44.0,44.0,44.0,0,44.0,987
1,40.0,44.0,25.0,43.0,1,43.0,987
2,40.0,44.0,27.0,40.0,0,27.0,987
3,40.0,44.0,24.0,43.0,1,43.0,987
4,40.0,44.0,37.0,26.0,0,37.0,987
0,60.0,30.0,60.0,31.0,0,60.0,988
1,60.0,30.0,73.0,35.0,1,35.0,988
2,60.0,30.0,57.0,25.0,1,25.0,988
3,60.0,30.0,56.0,27.0,0,56.0,988
4,60.0,30.0,62.0,38.0,1,38.0,988
5,60.0,30.0,66.0,36.0,0,66.0,988
6,60.0,30.0,53.0,21.0,0,53.0,988
7,60.0,30.0,69.0,22.0,1,22.0,988
8,60.0,30.0,65.0,28.0,1,28.0,988
9,60.0,30.0,63.0,40.0,1,40.0,988
0,40.0,28.0,41.0,30.0,1,30.0,989
1,40.0,28.0,31.0,26.0,1,26.0,989
2,40.0,28.0,49.0,25.0,0,49.0,989
3,40.0,28.0,40.0,26.0,1,26.0,989
4,40.0,28.0,21.0,29.0,1,29.0,989
5,40.0,28.0,27.0,25.0,1,25.0,989
6,40.0,28.0,44.0,21.0,0,44.0,989
7,40.0,28.0,35.0,42.0,0,35.0,989
8,40.0,28.0,42.0,12.0,0,42.0,989
9,40.0,28.0,43.0,47.0,0,43.0,989
0,40.0,36.0,41.0,52.0,0,41.0,990
1,40.0,36.0,54.0,45.0,0,54.0,990
2,40.0,36.0,33.0,44.0,0,33.0,990
3,40.0,36.0,45.0,29.0,1,29.0,990
4,40.0,36.0,54.0,31.0,0,54.0,990
0,48.0,60.0,42.0,58.0,0,42.0,991
1,48.0,60.0,53.0,42.0,0,53.0,991
2,48.0,60.0,65.0,48.0,1,48.0,991
3,48.0,60.0,57.0,63.0,1,63.0,991
4,48.0,60.0,55.0,57.0,0,55.0,991
5,48.0,60.0,46.0,54.0,0,46.0,991
6,48.0,60.0,42.0,61.0,0,42.0,991
7,48.0,60.0,46.0,71.0,1,71.0,991
8,48.0,60.0,51.0,65.0,0,51.0,991
9,48.0,60.0,55.0,51.0,0,55.0,991
0,60.0,52.0,61.0,63.0,0,61.0,992
1,60.0,52.0,61.0,53.0,0,61.0,992
2,60.0,52.0,59.0,44.0,1,44.0,992
3,60.0,52.0,58.0,45.0,1,45.0,992
4,60.0,52.0,63.0,76.0,1,76.0,992
5,60.0,52.0,57.0,61.0,0,57.0,992
6,60.0,52.0,70.0,63.0,0,70.0,992
7,60.0,52.0,61.0,53.0,1,53.0,992
8,60.0,52.0,58.0,63.0,0,58.0,992
9,60.0,52.0,66.0,50.0,0,66.0,992
0,40.0,48.0,31.0,43.0,1,43.0,993
1,40.0,48.0,45.0,50.0,0,45.0,993
2,40.0,48.0,25.0,34.0,0,25.0,993
3,40.0,48.0,39.0,42.0,1,42.0,993
4,40.0,48.0,49.0,44.0,1,44.0,993
0,40.0,44.0,36.0,56.0,1,56.0,994
1,40.0,44.0,52.0,30.0,1,30.0,994
2,40.0,44.0,32.0,46.0,0,32.0,994
3,40.0,44.0,38.0,52.0,1,52.0,994
4,40.0,44.0,50.0,53.0,0,50.0,994
5,40.0,44.0,40.0,38.0,0,40.0,994
6,40.0,44.0,44.0,40.0,1,40.0,994
7,40.0,44.0,41.0,43.0,0,41.0,994
8,40.0,44.0,44.0,43.0,0,44.0,994
9,40.0,44.0,34.0,40.0,1,40.0,994
0,68.0,60.0,74.0,59.0,1,59.0,995
1,68.0,60.0,61.0,57.0,0,61.0,995
2,68.0,60.0,64.0,55.0,1,55.0,995
3,68.0,60.0,72.0,70.0,0,72.0,995
4,68.0,60.0,76.0,61.0,0,76.0,995
5,68.0,60.0,75.0,54.0,0,75.0,995
6,68.0,60.0,54.0,56.0,0,54.0,995
7,68.0,60.0,57.0,63.0,0,57.0,995
8,68.0,60.0,75.0,59.0,1,59.0,995
9,68.0,60.0,75.0,63.0,1,63.0,995
0,30.0,60.0,37.0,59.0,0,37.0,996
1,30.0,60.0,31.0,56.0,1,56.0,996
2,30.0,60.0,23.0,45.0,1,45.0,996
3,30.0,60.0,24.0,56.0,1,56.0,996
4,30.0,60.0,26.0,81.0,0,26.0,996
5,30.0,60.0,25.0,57.0,0,25.0,996
6,30.0,60.0,29.0,66.0,0,29.0,996
7,30.0,60.0,16.0,62.0,0,16.0,996
8,30.0,60.0,44.0,54.0,0,44.0,996
9,30.0,60.0,29.0,60.0,1,60.0,996
0,60.0,40.0,57.0,52.0,1,52.0,997
1,60.0,40.0,81.0,38.0,1,38.0,997
2,60.0,40.0,62.0,35.0,0,62.0,997
3,60.0,40.0,64.0,32.0,1,32.0,997
4,60.0,40.0,59.0,39.0,1,39.0,997
5,60.0,40.0,75.0,47.0,0,75.0,997
6,60.0,40.0,76.0,41.0,1,41.0,997
7,60.0,40.0,54.0,44.0,0,54.0,997
8,60.0,40.0,60.0,44.0,0,60.0,997
9,60.0,40.0,67.0,42.0,1,42.0,997
0,60.0,40.0,68.0,54.0,1,54.0,998
1,60.0,40.0,58.0,26.0,1,26.0,998
2,60.0,40.0,60.0,55.0,0,60.0,998
3,60.0,40.0,56.0,48.0,0,56.0,998
4,60.0,40.0,52.0,43.0,1,43.0,998
5,60.0,40.0,59.0,60.0,1,60.0,998
6,60.0,40.0,58.0,40.0,0,58.0,998
7,60.0,40.0,58.0,43.0,0,58.0,998
8,60.0,40.0,57.0,48.0,0,57.0,998
9,60.0,40.0,62.0,27.0,1,27.0,998
0,60.0,40.0,54.0,45.0,1,45.0,999
1,60.0,40.0,64.0,27.0,1,27.0,999
2,60.0,40.0,57.0,45.0,0,57.0,999
3,60.0,40.0,53.0,32.0,1,32.0,999
4,60.0,40.0,69.0,47.0,0,69.0,999
